tree
version=v4
num_class=1
num_tree_per_iteration=1
label_index=0
max_feature_idx=13
objective=binary sigmoid:1
feature_names=step amount oldbalanceOrg newbalanceOrig oldbalanceDest newbalanceDest isFlaggedFraud amount_log same_account t_CASH_IN t_CASH_OUT t_DEBIT t_PAYMENT t_TRANSFER
feature_infos=[-1.7030415787355944:3.5101234806676631] [-0.29785354957836513:115.43582788532919] [-0.28871644941363411:11.824011845826234] [-0.29244170707595346:11.678244516254514] [-0.32381389524179222:104.27595205466672] [-0.3334114054691617:96.391953200887812] [-0.0015857785688573576:-0.0015857785688573576] [-5.7155232863040721:3.9798706701681668] none [0:1] [0:1] [0:1] [0:1] [0:1]
tree_sizes=6848 6866 6943 6856

Tree=0
num_leaves=64
num_cat=0
split_feature=1 2 0 1 13 5 1 2 3 2 7 5 10 0 2 13 5 4 0 10 2 3 1 2 2 1 4 1 0 10 2 3 2 7 2 1 1 2 7 7 2 2 7 1 2 2 7 1 2 2 5 2 4 1 2 3 7 2 2 1 2 1 1
split_gain=36089.9 723897 24263.5 56175.9 13955.2 24583.4 11756.7 587019 313114 83494.5 76970 19551.8 51118.3 18977.1 9476.28 8353.09 1.01545e+06 364450 12407.3 6061.16 7046.08 8201.99 4038.29 4735.96 3054.58 17006.1 2859.91 1529.52 1373.23 3260.84 13322.5 42815.9 87622.1 11161 7281.81 11387.6 6825.56 12336.4 6735.43 5086.8 11396.2 4694.77 7949.36 3081.94 7892.24 2680.88 5073.82 2550.91 4333.29 2464.38 2008.53 1929.17 1361.44 1130.7 2445.91 3561.23 10876 10141.1 4028.53 7789.57 4233.23 4613.14 3637.94
threshold=4.3997418960371801 0.6509454576727336 3.3169131853393758 0.18905594802554085 1.0000000180025095e-35 -0.33237068796557889 0.88014271483756079 -0.04131101571369946 -0.29231373723242066 0.044951211108424781 1.6635066168765877 -0.10071232613488315 1.0000000180025095e-35 -1.6152187172227361 -0.18400100718621759 1.0000000180025095e-35 -0.33340783591533346 -0.32381374814748626 -1.5660379147755357 1.0000000180025095e-35 -0.27049896906615417 -0.29076899529315642 -0.21794835614431732 -0.26857099033722825 0.1042966861509891 1.7530736594843876 -0.12979306377544503 -0.089204410862628258 1.1599837065835803 1.0000000180025095e-35 -0.24574654563392889 -0.2924413873137906 -0.17195186808178478 0.59939789234291496 -0.21297795824305807 0.13078045233489191 0.063835528724526441 -0.23093907333941158 0.68963767986446356 1.0405886726781286 -0.19872071503410921 -0.13716201339462178 1.179572357419165 -0.022916321937132871 -0.23573544007755007 -0.23968995574348709 0.5443006537981504 0.19631099584307965 -0.18400100718621759 -0.22645867557446039 -0.22462934101123463 -0.21008851763831884 -0.26078166843563738 -0.096002836567058922 -0.28087413685748547 -0.2924413873137906 -0.33118065908402922 -0.25034440410598302 -0.26966074303589277 -0.17387889463050613 -0.2642733836675048 -0.19938279671848633 -0.21300094451835558
decision_type=2 2 2 2 2 2 2 2 2 2 2 2 2 2 2 2 2 2 2 2 2 2 2 2 2 2 2 2 2 2 2 2 2 2 2 2 2 2 2 2 2 2 2 2 2 2 2 2 2 2 2 2 2 2 2 2 2 2 2 2 2 2 2
left_child=2 -2 6 4 19 -6 15 -8 9 10 11 -9 -13 26 -5 28 17 18 22 -4 -21 27 -17 -24 25 -15 -11 -22 -1 -30 53 32 33 45 36 51 37 43 -39 40 -37 42 -34 44 -35 46 -32 52 -49 -40 -51 -36 -42 54 -31 56 -56 58 62 60 61 -60 -58
right_child=1 -3 3 14 5 -7 7 8 -10 13 -12 12 -14 24 -16 16 -18 -19 -20 20 21 -23 23 -25 -26 -27 -28 -29 29 30 31 -33 41 34 35 39 -38 38 49 -41 47 -43 -44 -45 -46 -47 -48 48 -50 50 -52 -53 -54 -55 55 -57 57 -59 59 -61 -62 -63 -64
leaf_value=-6.6913635077867024 -6.7013111824932077 31.968391116925691 -6.7013111824932077 0.35095755249978478 32.086166859969076 -6.7013111824932068 -6.6981795095132153 30.793250925220729 -6.5953344665301943 13.318032323293551 -6.7013111824932077 -6.7013111824932068 31.547451887157418 30.154840152460981 32.08616685996936 27.522934149090847 -6.6991597171361894 -6.7013111824932077 31.452384539014322 -4.9869475121081175 24.328671251476361 -6.7013111824932068 -6.7013111824932059 18.162456793443617 31.761585453756506 -6.7013111824932059 -6.7013111824932059 11.722740887676274 -6.7013111824932077 -6.5876389902489336 18.458134034238903 -6.7013111824932077 22.481648487550029 -5.6669784346942098 6.2278481649940263 -6.4161091380633355 -6.7013111824932077 30.470021941530991 -5.4892024936662729 -6.7013111824932077 27.237732104660655 28.65598172696269 -5.1498120607947415 -6.7013111824932077 21.386172917220492 22.723672160063391 -4.604690747765531 -5.4892024936662729 15.709231686484923 13.985343773486694 2.6827560858444537 20.517971654322636 12.692427838737625 -6.7004908217131378 18.162456793444054 -6.7013111824932077 -3.0811465651966818 19.157007512481464 22.389297349352777 -4.6056507388070322 22.389297349353068 -0.19152465788409856 -6.6305311130726547
leaf_weight=5654.5878150369972 24.328727999352854 1.2736069126985956 1.2839195192791515 0.028359668096527457 0.072188246063888073 0.09410253504756827 175.6249791426817 0.30937819741666317 1.4154052531812329 0.039961350499652326 0.37641014019027352 0.16500170528888725 0.1856269184499979 0.31066727323923249 0.13793111301492889 0.043828577967360616 348.59961839416064 0.88559509010519732 2.3667432102374732 0.23332272388506681 0.045117653789930046 0.054141184547915944 0.030937819741666317 0.050273957080208542 1.2323564863763747 0.034805047209374607 0.032226895564235636 0.051563032902777195 226.00979674363043 35.628766659996472 0.047695805435068905 8.8894668724387866 0.13535296136979014 0.096680686692707241 0.034805047209374607 0.17531431186944246 1.5649380485992876 0.030937819741667538 0.041250426322221756 0.27586222602985799 0.030937819741666317 0.18949414591770519 0.032226895564235747 0.47824713017325848 0.037383198854513466 0.037383198854514244 0.047695805435068905 0.041250426322221756 0.058008412015624344 0.077344549354165792 0.079922700999304652 0.073477321886456948 0.033515971386805177 60.948793966905214 0.050273957080207654 5.6783789984183368 0.87012618023436505 0.042539502144791075 0.025781516451388597 1.4076707982458181 0.030937819741666206 0.18433784262742847 4.2384813046082845
leaf_count=4386544 18873 988 996 22 56 73 136241 240 1098 31 292 128 144 241 107 34 270426 687 1836 181 35 42 24 39 956 27 25 40 175327 27639 37 6896 105 75 27 136 1214 24 32 214 24 147 25 371 29 29 37 32 45 60 62 57 26 47281 39 4405 675 33 20 1092 24 143 3288
internal_value=-6.65125 -4.77766 -6.65859 -1.1531 -3.67572 10.1367 -6.66027 -6.26148 12.4364 22.4637 11.3416 21.6317 13.548 29.4498 26.674 -6.67155 -6.43482 20.8496 30.6414 -5.05269 0.457452 8.87998 15.2916 8.69055 30.5968 26.4417 4.38083 17.6055 -6.68543 -6.58898 -6.38022 -4.83468 -0.250545 -2.8241 -3.42642 0.973217 -4.74843 -1.11782 8.7701 -1.65975 2.4425 23.2645 17.1679 -4.82318 1.87669 11.3744 6.92672 11.9289 6.89949 5.38829 8.24141 15.9247 19.6742 -6.55741 -6.37633 -5.77542 -5.00792 -5.17922 -5.33243 -3.18345 5.12161 2.57913 -6.02598
internal_weight=6561.52 25.6023 6535.92 2.00065 1.83435 0.166291 6533.92 179.727 4.10184 2.68643 1.03642 0.660007 0.350629 1.65002 0.166291 6354.19 351.977 3.37738 2.49178 1.66806 0.384145 0.150822 0.12504 0.0812118 1.57783 0.345472 0.0721882 0.0966807 6002.21 347.625 121.615 12.5092 3.61972 3.26265 3.12988 0.723172 2.4067 0.841767 0.229455 0.614889 0.339027 0.357074 0.16758 0.612311 0.134064 0.132775 0.0953916 0.163713 0.0992588 0.198518 0.157267 0.108282 0.0644538 109.106 48.1573 12.5285 6.85015 6.79987 6.75734 1.64873 0.241057 0.210119 5.10861
internal_count=5090096 19861 5070235 1552 1423 129 5068683 139423 3182 2084 804 512 272 1280 129 4929260 273046 2620 1933 1294 298 117 97 63 1224 268 56 75 4656214 269670 94343 9704 2808 2531 2428 561 1867 653 178 477 263 277 130 475 104 103 74 127 77 154 122 84 50 84639 37358 9719 5314 5275 5242 1279 187 163 3963
is_linear=0
shrinkage=1


Tree=1
num_leaves=64
num_cat=0
split_feature=10 2 3 2 0 7 1 7 4 1 5 2 1 0 2 1 7 2 7 5 2 4 1 1 2 2 1 7 2 4 2 1 2 4 2 1 7 2 7 4 2 1 5 2 0 5 0 4 5 2 1 2 0 5 7 7 2 7 2 4 2 0 1
split_gain=345.743 828.363 19002.6 32862.2 14816.1 52140.7 23980.2 22401.3 91639.5 7837.78 6029.18 7743.16 5901.59 2525.48 2196.39 2153.23 2029.11 1842.19 4126.54 2158.57 1827.99 3228.98 3139.29 1751.58 2154.64 1910.77 3644.46 1677.2 4868.3 1498.81 1392 1352.26 2674.58 1517.09 1234.63 1743.17 1184.1 2900.81 808.12 1002.03 778.586 1624.61 565.245 1189.26 2178.54 3648.43 447.607 2909.85 948.892 552.74 602.078 539.845 407.338 403.71 401.417 332.513 765.614 591.322 343.294 373.915 280.771 743.362 2169.73
threshold=1.0000000180025095e-35 -0.17704542247505536 -0.2924413873137906 -0.10218840335799961 1.1599837065835803 1.179572357419165 0.3717939284356751 1.1017198169240048 0.16536069403998563 0.88014271483756079 -0.18034689737666129 -0.13716201339462178 0.30415821349210231 1.806359967318216 -0.17195186808178478 0.5521833441702696 1.0405886726781286 -0.059453034944576495 1.3981509840514295 1.0000000180025095e-35 -0.14463159408351817 -0.28366741691830188 0.5521833441702696 0.30415821349210231 -0.16699277089120804 -0.14463159408351817 0.44330238214793177 1.179572357419165 -0.16193978788423483 0.067794001473653151 -0.12925237615793442 0.59069812399089039 -0.11945798717285733 -0.083146838159435951 -0.089622463802125435 0.63944093443782823 1.1380612231813354 -0.14968932738422749 1.2280784448425244 -0.049764338513894259 -0.17195186808178478 0.29283100922274014 -0.13905003781788591 -0.059453034944576495 -0.083588012438490844 0.19094723075371539 -1.6573736907489081 -0.31424076246404137 -0.3302976916939408 -0.28400770343612275 -0.23908870885965341 -0.27094803109062715 0.049902737061053477 -0.0077818922251221704 1.0405886726781286 1.1650487315142202 -0.16193978788423483 1.1138331105894259 -0.1553423119604454 -0.17364832791540355 -0.27754893124218993 3.3169131853393758 0.18905594802554085
decision_type=2 2 2 2 2 2 2 2 2 2 2 2 2 2 2 2 2 2 2 2 2 2 2 2 2 2 2 2 2 2 2 2 2 2 2 2 2 2 2 2 2 2 2 2 2 2 2 2 2 2 2 2 2 2 2 2 2 2 2 2 2 2 2
left_child=-1 46 3 4 10 6 7 8 -6 17 11 12 14 42 16 30 -3 18 19 34 -7 22 -22 24 40 55 -27 28 -14 -21 -13 32 38 -34 35 -5 -30 -38 39 -28 54 -42 -11 -44 45 -45 47 48 -2 -50 -51 -52 -16 -19 -12 56 -25 -58 -59 -60 -48 -62 -63
right_child=1 2 -4 9 5 20 -8 -9 -10 13 23 15 27 -15 52 -17 -18 53 -20 29 21 -23 -24 25 -26 26 31 -29 36 -31 -32 -33 33 -35 -36 -37 37 -39 -40 -41 41 -43 43 44 -46 -47 60 -49 49 50 51 -53 -54 -55 -56 -57 57 58 59 -61 61 62 -64
leaf_value=-0.050921381128552379 13.406953880746039 17.713198988111827 -0.0500620499467921 37.215520569302598 -529.06529003732692 -0.0502748005085428 -244.69138547258282 -29.174080911487643 -0.05004915683632194 20.273175392420956 6.0667633568268453 17.077049142705636 0.78520097984592285 40.596412349264071 25.787408564422879 7.2901284441466219 -0.05006207977248265 30.228223824289753 8.3025684801800619 8.0241474957683288 -8.7705343535049547 -3.5383877690526355 -61.092000373470057 0.10285855614250249 20.135461861005446 18.300414230025975 14.630318968065726 0.12623070573649597 22.378297854424932 26.278882186511982 30.228223831392878 0.14896292273268605 24.172566649160473 7.7136009743727669 38.078149772909228 14.368169305608001 -0.050062079772482532 21.817588856069918 0.62278871825345428 2.3247054426719638 16.397401871972288 -0.05006207977248231 -0.050061661027219574 -121.50196683930986 -0.050061660747326431 -0.049397232318431503 -0.042460994607229165 0.094120234090356303 1.4451619158406999 14.07980467877174 -0.050062079772482386 10.042699890616294 17.502567433947142 40.320985798867355 -0.050062079772483503 -0.050062063066977025 10.960223706105733 -0.050062079772483281 -0.05006207977248231 6.9372346689583502 0.0016554726758898353 -5.3430389971669543 0.016460006835056818
leaf_weight=4080.1541944081764 0.040870872675441206 0.030962782329879701 62.891930906449979 0.016100646816225243 0.0012286976208245011 0.11057732091285288 0.002452570112459254 0.0085839799706125559 0.0024528661363477644 0.0024602380581199767 0.040870872675441206 0.040870872675441206 0.17958413751330227 0.0036903570959729353 0.030962782329879701 0.027247248450294137 0.033439804916270077 0.019816180695787541 0.035916827505172139 0.018577669399721872 0.0057337842978906961 0.028668921450585777 0.0057337842928558225 0.32696698140352964 0.024770225863903206 0.040870872675440206 0.027247248450294137 0.28361908614169806 0.033439804916270077 0.028485759748153858 0.039632361382247683 0.25122477044351399 0.024770225863903761 0.032201293623074889 0.044586406562920615 0.017339158105809063 0.030962782329879701 0.029724271036684513 0.14862135518342257 0.042109383968636394 0.033439804916270077 0.027247248450294137 0.027062618639320083 0.0012350527240027548 0.003690357097519862 0.0012383418507312931 1695.424397578242 1.7339158104696242 0.066879609832540154 0.024770225863903761 0.028485759743489325 0.02477022586390365 0.028485759743489325 0.019816180692557181 0.078026211471296847 0.95587055815849464 0.027247248450295136 0.058210030780173838 0.027247248450294137 0.064402587246149778 532.76275150203139 0.25506019120606249 0.7273713648319593
leaf_count=3300235 33 25 50805 28 64 24 37 35 8 2 33 33 145 418 25 22 27 29 36 20 31 37 16 264 20 33 22 229 27 36 32 203 20 26 58 17 25 24 120 34 27 22 22 148 475 272 1349475 1400 54 20 23 20 23 20 63 772 22 47 22 52 383614 139 6
internal_value=-0.0421856 -0.0266711 0.147472 3.77394 2.42975 -12.1398 -101.965 -73.4263 -176.605 21.6152 3.22778 6.98477 5.01467 1.21975 14.8872 19.4394 8.48997 25.6179 23.2409 27.5302 -3.36782 -12.5078 -34.9313 1.89944 6.31144 1.45463 3.91788 2.82077 5.61285 19.0731 23.5515 2.8007 5.22363 14.8697 32.6313 25.3687 14.8235 10.6606 2.70251 7.15905 4.40467 9.01283 -2.8522 -4.56451 -24.3857 -60.6949 -0.0318474 0.731313 6.67845 4.78066 7.63966 4.64425 21.8176 35.2746 2.0526 0.497904 1.53701 4.18466 2.95274 4.85993 -0.0325046 -0.000878415 -1.37498
internal_weight=6377.56 2297.41 66.3177 3.42572 3.18571 0.165432 0.0147181 0.0122655 0.00368156 0.240016 3.02028 0.788932 0.681181 0.039377 0.123851 0.10775 0.0644026 0.200639 0.161006 0.12509 0.150714 0.0401365 0.0114676 2.23134 0.204354 2.02699 0.567045 0.55733 0.273711 0.0470634 0.0805032 0.526174 0.27495 0.0569715 0.0780262 0.0334398 0.0941269 0.0606871 0.217978 0.0693566 0.179584 0.0606871 0.0356866 0.0332264 0.00616375 0.00247339 2231.09 1.91969 0.185777 0.144906 0.0780262 0.053256 0.0594485 0.0396324 0.118897 1.45994 0.504074 0.177107 0.14986 0.0916498 2229.17 533.745 0.982432
internal_count=5090096 1789861 55077 4272 2691 252 144 107 72 1581 2439 637 550 1337 100 87 52 244 195 159 108 84 47 1802 165 1637 458 450 221 56 65 425 222 46 103 45 76 49 176 56 145 49 919 917 895 420 1734784 1550 150 117 63 43 48 49 96 1179 407 143 121 74 1733234 383759 145
is_linear=0
shrinkage=0.05


Tree=2
num_leaves=64
num_cat=0
split_feature=10 1 2 2 1 2 2 0 1 2 2 4 4 0 5 4 3 1 2 0 3 2 7 7 4 1 2 0 1 3 1 7 1 5 5 5 1 2 1 0 5 2 7 0 1 2 0 2 2 2 1 2 2 7 0 2 3 2 1 2 1 2 1
split_gain=179.44 24399.7 1.51966e+06 3.22857e+06 3559.24 64454.2 290725 358757 636.006 22216.4 51172.7 74038.7 296155 603.32 2367.86 8912.41 424.69 1240.22 221.814 2543.96 28719.3 23958.1 213284 20969.2 4399.66 1901.45 9302.66 15988.8 1342.07 830.665 7430.59 9527.05 64846.6 105682 136914 1883.84 2130.37 12504 10734.4 2716.21 1731.46 1506.4 4704.72 422.758 337.54 263.784 831.386 1698.23 11026.1 6555.99 3928.79 7316.71 475.807 346.293 788.613 903.504 2009.85 3788.93 3827.25 3057.17 1172.53 868.938 4060.06
threshold=1.0000000180025095e-35 1.4414171315386046 -0.24917480180871093 -0.17195186808178478 1.2023645380280652 -0.25304497206232573 -0.14463159408351817 -0.055484696754376263 1.0221265320158543 -0.14463159408351817 -0.021744957442886782 0.20847564283503681 0.10140491504114209 -1.6573736907489081 -0.32927711229845941 -0.31424076246404137 -0.29076899529315642 -0.2472100445140594 -0.17195186808178478 1.1599837065835803 -0.29163961019488632 -0.14968932738422749 1.179572357419165 1.1256807650442493 -0.3168510597717204 0.88014271483756079 -0.059453034944576495 -1.5519862569334781 0.59069812399089039 -0.2924413873137906 0.32869323743038942 1.0904192167874391 0.30415821349210231 -0.11920146094982374 -0.16694968278686809 -0.19452474603525668 0.5521833441702696 -0.14463159408351817 0.46568141145954028 -0.23113041978009247 0.15084502996007274 -0.1553423119604454 1.1942481086348116 -0.44190528741095192 0.44330238214793177 -0.27754893124218993 3.3169131853393758 -0.2037779826536906 -0.26966074303589277 -0.25034440410598302 0.0373565715398501 -0.26083376764305205 -0.22886222899133193 -0.44984874109187206 1.1599837065835803 -0.28861328286665472 -0.2924413873137906 -0.2826790407384242 -0.2924818164696692 -0.28835421181774795 -0.29755378548673989 -0.28438890412150802 -0.27213270913719373
decision_type=2 2 2 2 2 2 2 2 2 2 2 2 2 2 2 2 2 2 2 2 2 2 2 2 2 2 2 2 2 2 2 2 2 2 2 2 2 2 2 2 2 2 2 2 2 2 2 2 2 2 2 2 2 2 2 2 2 2 2 2 2 2 2
left_child=-1 4 -3 -4 8 -6 -7 -8 13 -10 -11 12 -12 14 15 -2 -16 -18 45 25 21 23 -23 -21 -24 29 -27 -28 -26 30 31 32 33 34 -20 36 37 41 44 -40 -35 -32 43 -43 -39 53 -47 48 -48 50 51 -50 -51 54 -15 60 57 58 59 -57 -56 -60 -63
right_child=1 2 3 -5 5 6 7 -9 9 10 11 -13 -14 18 16 -17 17 -19 19 20 -22 22 24 -25 28 26 27 -29 -30 -31 35 -33 -34 40 -36 -37 -38 38 39 -41 -42 42 -44 -45 -46 46 47 -49 49 52 -52 -53 -54 -55 55 56 -58 -59 61 -61 -62 62 -64
leaf_value=-0.050960824496273094 -23.648385513248119 -0.05005910576556908 -0.050061757690071089 3181.7337299766587 -0.050059345728260575 -0.050061160399766859 1121.0667323212015 -0.050071558839814116 -0.050059659054475153 -0.050062883075576159 925.43352857701723 -0.050065003410680875 -0.050065003416334131 0.0070284206414534273 -0.13133846374965047 -0.050049254480958066 -10.552357643159844 -0.91125601694450686 -651.92137974007858 36.959187278217065 -0.050058467856367306 505.1263838337884 45.772810325027635 2.7557550395900128 8.5798456981897679 -0.84523730037787626 -0.050064176989916137 104.25840746283581 -25.21276252881465 -0.050059048629349949 -0.761081640320732 -1.4555181640810815 1.6616791933045718 -61.65070553797247 -78.676771230262219 -0.23137449343376623 -0.35075157780949479 -7.8625381853574767 -48.809848848318964 -94.810350541307812 -33.777684299966516 -36.47286863513974 -0.05007043297653866 -22.20269296594293 -19.305400920359176 0.00042319423438382192 0.084046906936409191 0.18519705652428586 -132.62910885775864 -19.635264842517042 -29.537593729758157 -29.082845810880215 -9.0273958222732862 -0.048698354075525065 7.3774186187093767 5.660135770716213 -0.050074525607740353 13.536479917168064 0.90012339287092047 26.534508267409151 -0.05006685181759421 22.736711942872773 0.86506564012177956
leaf_weight=3878.233245551331 0.052790210116654634 0.22644047730136663 0.0024643044453114262 0.0011785844399118117 0.27112824178766459 0.012197356554679573 0.0014271483528400166 0.0014271483550964499 0.86156430805567652 0.017410533502697945 0.0012966194196448988 0.0038898582572766353 0.0025932388380379211 114.73530358448556 2.4560881152283409 0.16527188005056848 0.038039837032556534 0.27096194214982317 0.0017640619524814652 0.064984459456157218 2.9386524595320154 0.0024743829853837015 0.0054557653028805579 0.1443460329901427 0.0057936718276599165 0.062879186885083982 0.0089506865479261292 0.006231518176540724 0.0059612496363372416 53.5128449834896 0.28130465130560367 0.20564843333019667 0.088429241091944277 0.0089273729627160625 0.0025434267463424476 31.132297332197307 0.47083808947532679 0.012798054741281206 0.0071777305872363778 0.0058039239949458227 0.014822612316493178 0.0096093568462549683 0.04494965448975563 0.011285331517996156 0.012981652962480439 544.70642127350936 0.24279344704379247 0.49365505513380137 0.0033916484174247872 0.02031988864376455 0.0084494630573317409 0.0034327234138085139 0.022033257553630392 1502.1682625653027 0.053853806573897489 0.052537253592163324 1.6296061103930686 0.073602101299912071 1.2628919370472429 0.026331059634685405 3.9796899324283004 0.026331059634685516 0.10927389748394478
leaf_count=3300235 39 192 2 1035 229 10 41 79 724 15 68 19 6 96648 1320 123 33 90 51 64 2519 28 72 36 48 51 10 36 85 45420 150 69 38 25 8 1550 13 20 17 30 33 22 32 19 20 386715 36 15 23 25 5 18 24 1246433 37 36 1237 52 928 20 3015 20 83
internal_value=-0.0444321 -0.0332437 16.2484 1029.35 -0.0348992 5.54083 106.251 560.508 -0.0356044 1.30319 47.5874 154.197 308.444 -0.0361294 -0.74672 -5.76292 -0.351129 -2.09813 -0.0351909 -0.112523 1.279 18.3331 71.0697 13.3739 8.66525 -0.163837 7.6362 42.7632 -8.55733 -0.170931 -0.371116 -7.92703 -19.352 -85.5811 -313.44 -0.295026 -2.608 -5.36199 -32.2965 -69.3761 -44.2549 -2.35459 -9.16246 -28.7655 -13.6247 -0.0320161 -0.00193361 -1.61861 -4.58266 -24.2444 -52.3275 -80.5444 -14.1168 -0.0421201 0.0389111 0.545983 1.17612 2.46448 1.91288 12.6293 0.0491011 1.30853 5.11199
internal_weight=6141.31 2263.07 0.230083 0.00364289 2262.84 0.28618 0.0150517 0.0028543 2262.56 0.886755 0.0251903 0.00777972 0.00388986 2261.67 2.98315 0.218062 2.76509 0.309002 2258.69 89.0698 3.16767 0.229016 0.0196851 0.20933 0.0172107 85.9021 0.0780614 0.0151822 0.0117549 85.824 32.3112 0.322135 0.116487 0.0280575 0.00430749 31.989 0.856748 0.38591 0.0387614 0.0129817 0.02375 0.347149 0.0658443 0.0208947 0.0257797 2169.62 545.5 0.794075 0.30042 0.057627 0.0152738 0.00682437 0.0423531 1624.12 121.949 7.21412 3.18057 1.55097 1.47737 0.0788683 4.03354 1.3985 0.135605
internal_count=5090096 1789861 1229 1037 1788632 359 130 120 1788273 832 108 93 74 1787441 1605 162 1443 123 1785836 50466 2852 333 233 100 205 47614 97 46 133 47517 2097 224 155 117 59 1873 323 310 87 47 58 223 73 41 40 1735370 386861 146 131 95 46 41 49 1348509 102076 5428 2376 1139 1087 56 3052 1031 103
is_linear=0
shrinkage=0.05


Tree=3
num_leaves=64
num_cat=0
split_feature=0 2 7 3 2 7 10 2 1 3 7 0 0 2 1 2 7 5 2 0 2 4 1 2 0 0 0 7 2 2 7 0 0 1 1 2 0 5 1 2 2 1 0 2 7 7 2 1 0 2 4 4 2 7 0 7 2 0 2 1 2 2 7
split_gain=199.554 249.451 784.391 80598.4 62910.8 51124.6 149.205 247.068 351.502 365.153 735.241 1228.75 909.908 1342.77 934.199 694.973 2992 1986.35 7004.44 4974.46 1954.4 1270.06 1035.04 4142.9 1388.9 999.685 1953.32 918.446 1867.12 894.15 970.073 1415.82 732.329 1748.19 702.688 710.955 652.862 563.317 533.991 3777.89 1682.86 4098.53 1089.21 920.759 2615.28 1227.06 1376.68 1741.7 4326.7 1018.4 891.733 789.443 701.529 1776.28 1822.82 3122.5 5287.71 3031.1 1597.3 859.552 3774.6 1195.66 4396.38
threshold=3.3169131853393758 -0.27204454568700792 0.41946235394162196 -0.29163961019488632 -0.26924734283757307 0.31657426747572254 1.0000000180025095e-35 -0.27954928270432761 0.38749452710447313 -0.2924413873137906 -0.26712716261077268 -1.6433220329068507 1.0897254173732938 -0.27812367523650383 -0.24998853629313914 -0.21008851763831884 0.87715751821545174 -0.17671151569570984 -0.17195186808178478 1.2899615416226105 -0.2037779826536906 -0.2946046169741135 0.21152176095851574 -0.18696905268796227 1.6693563033581573 0.92110552326860606 1.0545962727681506 0.8622826107313365 -0.2070780259076688 -0.19872071503410921 0.95433851408842185 -1.5309087701703923 -0.74401593101518382 0.09325167388970472 0.15506409274635138 -0.19504469918770603 -0.86345502267267082 -0.23169975619008734 1.0000000180025095e-35 -0.22886222899133193 -0.23283855723054714 -0.019267104193044365 -0.77211924669929843 -0.26238163804641318 0.27061608080973992 0.40998298539005357 -0.25944657280923383 -0.14981607593436178 -0.4138019717268373 -0.25182463648945913 -0.29077479019522029 -0.18048094668024936 -0.25141746845493312 0.45797425789792046 1.1599837065835803 0.5443006537981504 -0.24917480180871093 2.4105812545266798 -0.24917480180871093 -0.034140513609088506 -0.23573544007755007 -0.24574654563392889 0.51155605835597762
decision_type=2 2 2 2 2 2 2 2 2 2 2 2 2 2 2 2 2 2 2 2 2 2 2 2 2 2 2 2 2 2 2 2 2 2 2 2 2 2 2 2 2 2 2 2 2 2 2 2 2 2 2 2 2 2 2 2 2 2 2 2 2 2 2
left_child=6 -2 3 4 -3 -6 -1 -8 9 10 11 -9 13 14 -13 38 20 18 22 21 25 36 23 24 29 27 -27 28 32 -18 31 -31 -17 -34 -33 -36 37 -20 39 40 43 42 -42 -12 -45 46 -46 48 -48 -49 -44 -41 -47 58 59 56 -56 -58 -54 60 61 -55 -63
right_child=1 2 -4 -5 5 -7 7 8 -10 -11 15 12 -14 -15 -16 16 17 -19 19 -21 -22 -23 -24 -25 -26 26 -28 -29 -30 30 -32 34 33 -35 35 -37 -38 -39 -40 51 41 -43 50 44 45 52 47 49 -50 -51 -52 -53 53 54 55 -57 57 -59 -60 -61 -62 62 -64
leaf_value=-0.05097939545470162 -0.047872834315765292 20.843909890917839 0.25746296999931167 -0.050055498762652917 609.0447637263718 157.11764256060999 -0.046061191990407632 32.994245251809289 -0.12324441063229347 -0.051008294295531234 0.0038603396524105726 8.071000583514536 0.45201266554244901 12.786453180184992 0.7166712822235658 0.0025291621809891362 0.54871402353159149 0.034177843388431862 4.415049488317182 21.256046735772607 15.545064856956245 13.644960261932827 -0.24435583486531609 17.575486574604611 -6.956173573347356 6.66450831521826 -20.193722121669026 0.48003546384178536 14.689238941883099 0.016318333604853394 0.38784456419393232 15.057721469540823 17.215976282057024 -0.050062209133369728 -0.050062209133371831 10.614255681743948 3.0870057703617642 13.969440478588275 -0.055895390590411022 16.515315550091259 30.165505150447952 1.1189312061684513 2.8276103794226599 4.1631419862755656 0.0085518823749656213 -0.054351265453443223 30.940178228400711 1.1368059287258294 3.8957120415239062 7.33428522659732 16.620595407598966 5.4436773107025145 2.7619507630196365 0.19242259626090658 -2.2503734097495971 -0.62622706519000948 -14.833899950858076 -44.770855596502258 13.84213985008406 -0.023443156637483493 12.241016038832703 13.37907883957056 1.2868529176042447
leaf_weight=3682.005543065015 5.4953656755752336 0.0023930359285810471 4.1566198005043384 0.36343409622080458 0.0012313353910922966 0.0012725261768013613 1497.2003266290558 0.0030283731757664292 62.752269229196031 223.60238286987101 181.79888684321639 0.05541150434873976 1.091077183905824 0.03505625785312716 0.19563653576187789 0.071694259531795979 0.66802896472224504 20.166777275277958 0.033589715740348247 0.056319460273147381 0.038473555903209777 0.040158669230873301 1.8012560173848169 0.039715077566699675 0.050679910409034967 0.014892985112965107 0.012410852786219895 0.094322239048779011 0.050884365802630782 0.056801274418830872 0.11417955253273249 0.039714626970864461 0.026062723947688937 0.033509216504171491 0.024821641854941859 0.04219679115635866 0.25497465357449678 0.028531041304337201 178.00775405632302 0.039238393074193349 0.009928656741976738 0.34539913246454029 0.017375152384319421 0.42720784014093638 2.5516913735773414 21.774693420273248 0.016134111482944746 3.1591042454820135 0.17739188298583064 0.067707874113688837 0.035991381204063248 0.027303806040882179 0.33782249577266654 3.1085267192684087 0.090906007471110328 0.95491441616526507 0.027056571715313393 0.01229852908913287 0.035991414140934874 3.7567077841376877 0.073223843472080108 0.078188171843067145 1.9447756393346933
leaf_count=3299019 891 14 294 356 32 12 1295864 3 31428 184793 100627 49 45 31 173 29 538 3864 18 41 40 30 1438 38 59 12 36 76 41 17 92 34 21 27 20 36 112 25 142139 32 8 253 23 206 1358 15995 14 1647 60 20 32 28 218 2476 43 434 51 32 36 3027 59 63 1567
internal_value=-0.0444379 0.178503 0.453428 2.66489 204.161 379.364 -0.0448172 -0.0345393 -0.0102554 0.000692902 0.0279572 1.18009 1.11014 3.61993 2.33992 0.0241946 0.286899 0.219068 1.366 7.44502 4.92808 5.26778 0.47993 1.73905 1.10785 3.58343 -5.5438 4.48482 6.55859 1.53998 3.92443 6.39366 3.40681 7.50383 9.78756 6.66451 4.20684 8.80322 0.00854608 0.0604823 0.0568925 3.26236 14.959 0.0509483 0.272756 0.229211 0.887464 1.54316 6.15039 1.26685 12.1299 11.9724 0.107109 0.444498 0.318576 -1.61682 -8.87865 -24.1892 3.82877 0.552941 0.96897 0.808123 1.75422
internal_weight=5899.6 10.0203 4.52495 0.368331 0.0048969 0.00250386 5889.58 2207.57 710.371 647.619 424.016 1.38021 1.37718 0.286104 0.251048 422.636 23.76 23.4177 3.25097 0.413574 0.34225 0.357254 2.83739 1.03614 0.996423 0.303777 0.0273038 0.276473 0.182151 0.945743 0.277714 0.163534 0.131266 0.0595719 0.106733 0.0670184 0.317095 0.0621208 398.876 220.868 220.802 0.408694 0.0632952 220.393 38.5943 38.1671 5.97203 3.42034 0.193526 3.22681 0.0533665 0.0665422 32.1951 10.4204 10.0466 1.08518 0.130261 0.0393551 0.373814 8.96142 5.20471 5.13149 2.02296
internal_count=5090096 1599 708 414 58 44 5088497 1789478 493614 462186 277393 301 298 253 222 277092 6644 6362 2498 226 282 185 2272 834 796 242 48 194 118 737 199 107 77 48 90 56 155 43 270448 128309 128249 316 63 127933 27306 27100 3099 1741 74 1667 55 60 24001 8006 7752 560 126 83 254 7192 4165 4106 1630
is_linear=0
shrinkage=0.05


end of trees

feature_importances:
oldbalanceOrg=84
amount=50
amount_log=33
step=32
oldbalanceDest=17
newbalanceDest=17
newbalanceOrig=11
t_CASH_OUT=6
t_TRANSFER=2

parameters:
[boosting: gbdt]
[objective: binary]
[metric: auc]
[tree_learner: serial]
[device_type: cpu]
[data_sample_strategy: bagging]
[data: ]
[valid: ]
[num_iterations: 5000]
[learning_rate: 0.05]
[num_leaves: 64]
[num_threads: 0]
[seed: 42]
[deterministic: 0]
[force_col_wise: 0]
[force_row_wise: 0]
[histogram_pool_size: -1]
[max_depth: -1]
[min_data_in_leaf: 20]
[min_sum_hessian_in_leaf: 0.001]
[bagging_fraction: 1]
[pos_bagging_fraction: 1]
[neg_bagging_fraction: 1]
[bagging_freq: 0]
[bagging_seed: 400]
[bagging_by_query: 0]
[feature_fraction: 1]
[feature_fraction_bynode: 1]
[feature_fraction_seed: 30056]
[extra_trees: 0]
[extra_seed: 12879]
[early_stopping_round: 0]
[early_stopping_min_delta: 0]
[first_metric_only: 0]
[max_delta_step: 0]
[lambda_l1: 0]
[lambda_l2: 0]
[linear_lambda: 0]
[min_gain_to_split: 0]
[drop_rate: 0.1]
[max_drop: 50]
[skip_drop: 0.5]
[xgboost_dart_mode: 0]
[uniform_drop: 0]
[drop_seed: 17869]
[top_rate: 0.2]
[other_rate: 0.1]
[min_data_per_group: 100]
[max_cat_threshold: 32]
[cat_l2: 10]
[cat_smooth: 10]
[max_cat_to_onehot: 4]
[top_k: 20]
[monotone_constraints: ]
[monotone_constraints_method: basic]
[monotone_penalty: 0]
[feature_contri: ]
[forcedsplits_filename: ]
[refit_decay_rate: 0.9]
[cegb_tradeoff: 1]
[cegb_penalty_split: 0]
[cegb_penalty_feature_lazy: ]
[cegb_penalty_feature_coupled: ]
[path_smooth: 0]
[interaction_constraints: ]
[verbosity: -1]
[saved_feature_importance_type: 0]
[use_quantized_grad: 0]
[num_grad_quant_bins: 4]
[quant_train_renew_leaf: 0]
[stochastic_rounding: 1]
[linear_tree: 0]
[max_bin: 255]
[max_bin_by_feature: ]
[min_data_in_bin: 3]
[bin_construct_sample_cnt: 200000]
[data_random_seed: 175]
[is_enable_sparse: 1]
[enable_bundle: 1]
[use_missing: 1]
[zero_as_missing: 0]
[feature_pre_filter: 1]
[pre_partition: 0]
[two_round: 0]
[header: 0]
[label_column: ]
[weight_column: ]
[group_column: ]
[ignore_column: ]
[categorical_feature: ]
[forcedbins_filename: ]
[precise_float_parser: 0]
[parser_config_file: ]
[objective_seed: 16083]
[num_class: 1]
[is_unbalance: 0]
[scale_pos_weight: 1]
[sigmoid: 1]
[boost_from_average: 1]
[reg_sqrt: 0]
[alpha: 0.9]
[fair_c: 1]
[poisson_max_delta_step: 0.7]
[tweedie_variance_power: 1.5]
[lambdarank_truncation_level: 30]
[lambdarank_norm: 1]
[label_gain: ]
[lambdarank_position_bias_regularization: 0]
[eval_at: ]
[multi_error_top_k: 1]
[auc_mu_weights: ]
[num_machines: 1]
[local_listen_port: 12400]
[time_out: 120]
[machine_list_filename: ]
[machines: ]
[gpu_platform_id: -1]
[gpu_device_id: -1]
[gpu_use_dp: 0]
[num_gpu: 1]

end of parameters

pandas_categorical:[]
