tree
version=v4
num_class=1
num_tree_per_iteration=1
label_index=0
max_feature_idx=13
objective=binary sigmoid:1
feature_names=step amount oldbalanceOrg newbalanceOrig oldbalanceDest newbalanceDest isFlaggedFraud amount_log same_account t_CASH_IN t_CASH_OUT t_DEBIT t_PAYMENT t_TRANSFER
feature_infos=[-1.7030415787355944:3.5101234806676631] [-0.29785454318914312:84.330181083812732] [-0.28871644941363411:14.440886436908329] [-0.29244170707595346:11.469693629596714] [-0.32381389524179222:96.169484221417932] [-0.3334114054691617:89.056952736187156] [-0.0015857785688573576:630.60506658288125] [-5.9745484798329986:3.807357859848612] none [0:1] [0:1] [0:1] [0:1] [0:1]
tree_sizes=6829 6877 7000 6874 6950 6918 7003 7020 6930 6981 6999 6983 6946

Tree=0
num_leaves=64
num_cat=0
split_feature=1 2 0 1 13 5 1 2 3 2 1 0 5 10 2 13 5 4 0 10 2 3 0 4 2 1 1 2 0 10 2 3 2 7 1 2 7 2 7 2 2 1 7 4 1 2 2 7 3 2 1 2 7 2 7 7 1 2 7 2 1 2 7
split_gain=36140.2 726825 23556.5 53152.3 14145.8 24974.2 11330.5 579652 306977 85384.6 80449.3 20832.3 16816.8 48457.9 8836.81 8636.06 1.03592e+06 361668 15653.2 5857.94 7385.96 6836.8 4345.08 3530.82 2682.69 15849.2 1330.75 3282.45 1326.16 3176.39 13078.2 57950.5 71073.7 12674.4 7033.18 13769.3 7114.19 10274.7 5157.99 4862.71 4785.87 9190.72 2677.67 2605.6 1925.71 1827.63 1740.03 2105.86 6954.88 10261.3 8668.92 3473.86 5650.08 3215.93 7117.65 2344.62 2042.31 5214.15 2520.61 2814.35 1585.61 1467.41 2424.37
threshold=4.386527915981433 0.67271601231768829 3.3169131853393758 0.18854253277638164 1.0000000180025095e-35 -0.33227046420241263 0.88307434687779585 -0.043528862767613058 -0.29205414336491692 0.04468483804093961 1.4145327397560654 -1.6222445461437649 -0.10447932949967345 1.0000000180025095e-35 -0.18175051744327755 1.0000000180025095e-35 -0.33341004051968026 -0.32381357898903451 -1.5660379147755357 1.0000000180025095e-35 -0.27053809320552619 -0.29078321530463219 -1.6573736907489081 -0.20286550661825115 0.10807264686192151 1.7151004803386614 -0.21253280480031275 -0.26865476793018256 1.1599837065835803 1.0000000180025095e-35 -0.2338169827099757 -0.29244112398024474 -0.17313760648981294 0.6957959202717342 0.25227234719155572 -0.21514477599359697 0.86817707618863615 -0.19874298117041903 0.78084650760150731 -0.22574795442194959 -0.13682476850670522 0.44063561362074549 0.89797490371444855 -0.25046015071935857 0.19542376765906669 -0.18774133550065919 -0.26969712329203893 0.62086960529646074 -0.29244112398024474 -0.24250758104744283 -0.17043865807329517 -0.26687600451404547 0.09316881021154054 -0.24991962155295663 0.52400987377605057 0.46387042541159962 -0.11267380380171697 -0.2594536878628983 0.33837930271467259 -0.25255189538105932 0.40251903987957777 -0.2391639957424255 0.56503319534867635
decision_type=2 2 2 2 2 2 2 2 2 2 2 2 2 2 2 2 2 2 2 2 2 2 2 2 2 2 2 2 2 2 2 2 2 2 2 2 2 2 2 2 2 2 2 2 2 2 2 2 2 2 2 2 2 2 2 2 2 2 2 2 2 2 2
left_child=2 -2 6 4 19 -6 15 -8 9 10 12 23 -9 -14 -5 28 17 18 22 -4 -21 -22 -17 -11 25 -13 -24 -28 -1 -30 46 32 33 -32 35 38 -37 42 39 -35 41 60 -38 44 -39 -45 -31 48 49 50 51 52 -48 56 55 -55 57 -52 -59 -60 -34 62 -51
right_child=1 -3 3 14 5 -7 7 8 -10 11 -12 24 13 -15 -16 16 -18 -19 -20 20 21 -23 26 -25 -26 -27 27 -29 29 30 31 -33 40 34 -36 36 37 43 -40 -41 -42 -43 -44 45 -46 -47 47 -49 -50 61 53 -53 -54 54 -56 -57 -58 58 59 -61 -62 -63 -64
leaf_value=-6.6911150130703128 -6.7011588031137483 32.002078867139161 -6.7011588031137483 0.68580963597415945 32.080425502098663 -6.7011588031137475 -6.7008735332342715 30.879225988220785 -6.6651499040374125 16.215231922693089 -6.7011588031137475 30.141346286838438 -6.7011588031137475 31.053098765537062 32.080425502098926 29.207715553563869 -6.6990079032831726 -6.7011588031137483 31.456593046787436 -4.6403016661217631 17.205297275441918 -6.7011588031137466 18.506870995273687 -6.7011588031137466 31.673909943344309 -6.7011588031137466 -6.7011588031137466 14.452432636092428 -6.7011588031137483 -6.615641494470478 19.641049404200189 -6.7011588031137483 24.732335844269116 -5.5605239706074974 -6.7011588031137475 19.153230733694627 7.4012354896906247 28.068537470524507 -6.6126163731931706 10.648497333428725 28.453370854848881 -6.7011588031137466 -6.7011588031137475 1.2540379774425947 12.020985344229931 16.905022947884639 17.370169386328126 -6.7011588031137483 -6.7011588031137483 16.567791780013117 -5.9756529742747313 11.462368023378069 -4.3608907846957408 24.324108641056068 -6.0601408807135382 6.4845798606584468 -6.7011588031137483 12.19243355070715 -2.5085550944421007 13.465265035596357 11.846555429813556 17.306488623922831 -4.8544166933417694
leaf_weight=5655.2358168177307 24.444592371582988 1.2763790320605028 1.2557506840676058 0.027074706740677357 0.073488489724695683 0.09540610946714867 175.27262653689831 0.2913754153996706 1.3885456742718805 0.028363978490233421 0.39451715536415577 0.30942521989345539 0.15084479469805978 0.19468003418296576 0.13021644670516241 0.034810337238013744 348.69128029793501 0.877994061447679 2.4044918129220605 0.26687925215810537 0.094116837717592716 0.043835239484906086 0.025785434991121292 0.041256695985793956 1.2299652490764854 0.032231793738901615 0.032231793738901615 0.042545967735350909 226.62174177821726 97.056377306580544 0.068331402726471757 7.7253163233399373 0.12248081620782614 0.087670478969812393 0.60337917879223812 0.092827565968036541 0.042545967735350132 0.037388880737125874 0.5647010263055563 0.097984652966260799 0.17920877318829287 0.03352106548845768 0.16115896869450808 0.05028159823268652 0.037388880737125874 0.029653250239789486 0.037388880737125874 6.4502265630289903 4.7844874626025549 0.025785434991121292 0.75809178873896599 0.10185246821492988 0.14955552294850349 0.025785434991120737 0.15600188169628382 0.06446358747780323 1.580647164955735 0.05028159823268763 0.19081221893429756 0.032231793738901615 0.029653250239789486 0.054149413481353714 0.027074706740677357
leaf_count=4386380 18960 990 974 21 57 74 135947 226 1077 22 306 240 117 151 101 27 270456 681 1865 207 73 34 20 32 954 25 25 33 175775 75280 53 5992 95 68 468 72 33 29 438 76 139 26 125 39 29 23 29 5003 3711 20 588 79 116 20 121 50 1226 39 148 25 23 42 21
internal_value=-6.65109 -4.78055 -6.65845 -1.21486 -3.61284 10.1733 -6.66011 -6.26817 12.4065 22.3149 11.0414 29.3995 22.0318 14.5708 26.6764 -6.67117 -6.4305 20.9624 30.5252 -5.015 0.215302 9.60885 13.9824 2.63515 30.5852 26.6656 8.71203 5.33451 -6.68528 -6.59057 -6.38431 -4.64867 2.43575 -1.49647 -2.29668 -0.0849872 6.81699 3.622 -4.23566 2.99424 22.6248 16.9987 -3.75572 13.336 20.0448 7.06005 -6.53934 -6.02823 -5.48826 -3.70496 -4.2227 4.03303 -0.0146788 -5.05683 0.405414 11.5816 -5.57178 -3.84102 2.07958 -0.2002 22.2207 11.5215 5.59544
internal_weight=6562.52 25.721 6536.8 1.98677 1.82948 0.168895 6534.81 179.334 4.06121 2.67266 1.03142 1.64124 0.6369 0.345525 0.157291 6355.48 352.109 3.41786 2.53987 1.66058 0.404831 0.137952 0.135374 0.0696207 1.57162 0.341657 0.100563 0.0747778 6003.37 348.13 121.509 9.96349 2.23818 1.87331 1.80498 1.2016 0.451245 0.358418 0.750356 0.185655 0.364864 0.185655 0.203705 0.154713 0.0747778 0.0799348 111.545 14.4888 8.03861 3.25412 3.14711 0.288797 0.186944 2.85832 0.246251 0.090249 2.61206 1.03142 0.273326 0.223044 0.152134 0.10701 0.0528601
internal_count=5090096 19950 5070146 1541 1419 131 5068605 139097 3150 2073 800 1273 494 268 122 4929508 273107 2651 1970 1288 314 107 105 54 1219 265 78 58 4656401 270021 94246 7728 1736 1453 1400 932 350 278 582 144 283 144 158 120 58 62 86518 11238 6235 2524 2441 224 145 2217 191 70 2026 800 212 173 118 83 41
is_linear=0
shrinkage=1


Tree=1
num_leaves=64
num_cat=0
split_feature=10 2 3 2 0 2 7 7 1 2 2 7 5 7 2 1 2 0 7 2 2 1 1 1 2 2 7 1 2 7 2 5 7 4 4 1 7 2 0 7 5 2 7 2 0 0 4 2 7 2 1 1 0 0 2 7 3 2 2 1 2 7 2
split_gain=302.703 916.046 18123.8 34936.2 29184.5 21609.2 135803 469410 11118.4 8537.81 5579.3 8099 5937.83 5540.8 5774.56 4246.61 3753.63 8687.72 3281.55 3286.64 3090.49 5603.98 2621.66 2245.54 2472.72 1741.65 4225.84 1657.49 1413.88 5118.52 2650.56 2460.51 1183.16 988.845 850.918 790.314 749.125 659.498 628.701 601.084 466.87 428.25 420.198 1891.09 345.952 337.416 2900.12 970.044 1435.11 1245.21 305.696 277.854 1003.2 753.303 2476.42 2063.89 7887.97 33068.5 61944.2 144762 218575 9661.67 8935.08
threshold=1.0000000180025095e-35 -0.18175051744327755 -0.29244112398024474 -0.10249983670087032 1.1599837065835803 -0.17313760648981294 1.226120203185066 1.2082994843832566 0.88307434687779585 -0.1496977615792284 -0.13682476850670522 1.2949164951653886 -0.051208663591089013 1.0999492544134013 -0.16782424367953627 0.55282624346397846 -0.060836062884435944 -0.083588012438490844 1.0575506777821906 -0.17313760648981294 -0.090335347169241367 0.64490534659183973 0.30315376407655775 0.25227234719155572 -0.17777554989315728 -0.11934787695671777 1.2461622343217034 0.23434643298413579 -0.15575954840181153 1.1913639109882841 -0.14428803393629058 -0.22136128043613343 1.136356587399183 -0.19683837333053419 -0.062149259850465523 0.78034915966887419 1.2689554181768676 -0.17777554989315728 -0.5332410633843242 1.226120203185066 0.0910263121813423 -0.11934787695671777 1.1115730488853959 -0.1624187140913762 0.12016102627133997 -1.6573736907489081 -0.31435712141471012 -0.28525557824833131 -0.20062576822443684 -0.26768255037835526 0.22610429081930775 -0.21253280480031275 1.1599837065835803 1.1599837065835803 -0.25255189538105932 0.89797490371444855 -0.29244112398024474 -0.21716428443477401 -0.21514477599359697 0.11360233787906568 -0.20694465414016902 0.52400987377605057 -0.22574795442194959
decision_type=2 2 2 2 2 2 2 2 2 2 2 2 2 2 2 2 2 2 2 2 2 2 2 2 2 2 2 2 2 2 2 2 2 2 2 2 2 2 2 2 2 2 2 2 2 2 2 2 2 2 2 2 2 2 2 2 2 2 2 2 2 2 2
left_child=-1 45 3 4 10 37 7 -7 20 -8 13 12 25 14 18 -11 -10 -18 19 23 21 -5 -16 24 27 26 38 50 42 30 31 -30 -33 -21 35 -22 -27 -6 -12 -14 -24 -41 43 -15 -36 46 47 -2 -49 -50 -3 52 -47 -53 -55 56 57 61 -59 60 -60 -56 -63
right_child=1 2 -4 8 5 6 9 -9 16 15 11 -13 39 28 22 -17 17 -19 -20 33 34 -23 40 -25 -26 36 -28 -29 29 -31 -32 32 -34 -35 44 -37 -38 -39 -40 41 -42 -43 -44 -45 -46 51 -48 48 49 -51 -52 53 -54 54 55 -57 -58 58 59 -61 -62 62 -64
leaf_value=-0.051042143864530931 2.1121364936355964 14.364595148827309 -0.049319332796951311 32.549239662087729 -12.579379286342494 -1078.2275864622741 -0.050061477862836538 -0.050061474213862582 -0.050061490087006347 -13.639212236548445 16.094354017795499 0.17820381407039587 11.48166370054679 -0.050062092574742527 24.787501154148597 -81.584966121258546 -162.97699500513829 -0.050061489254373884 0.11400717683959367 26.184614086776691 37.559089053663087 3.0546333132247061 13.040005023941806 0.32714389131242189 18.578110342468062 31.902428125866319 -0.050062092574741361 -0.050062092574742235 19.323237239869549 -0.050062071207500086 20.130458045388693 12.86547079572145 2.0742031851056058 12.058249990202842 20.130458045387535 28.440083979210563 20.130458045387897 -0.04992362906398165 25.175588079879066 1.8418616703593074 4.995067941915952 8.0221459626104537 -0.050062078166240011 14.626679825942979 30.220718043280097 -0.016186475864723032 0.0075973351832375599 17.072803479030195 -0.050062092574741784 14.076302003999169 7.288308866684428 -0.034069595142296287 0.32670037372111832 -0.07483188968625111 -13.960997536054215 -0.26741495610404881 -0.050061474369228788 -0.049406758211855514 -942.69407442134207 -48.542387225337556 -122.94495540963334 -1.0703471345280668 -13.425107394849306
leaf_weight=4079.8770685162422 0.06937383022159338 0.03468691511079669 67.319416592130409 0.032209278323771018 0.015962414498945698 0.0013912212841975429 0.022077831206843257 0.0036794057871526124 0.023309536743909127 0.0036794057902634816 0.030970459920354187 0.21904284344054759 0.034686915110797023 0.11273247411008924 0.04831391747575331 0.0061323429783184061 0.0012275436789042108 0.0024536354671385492 0.3047493256162852 0.02477636793628335 0.054508009467732585 0.032209278317607754 0.045836280682124197 0.13255356845911592 0.048313917475752532 0.02973164152354002 0.030970459920354187 0.068135011824779212 0.030970459920354187 0.51888489816337824 0.042119825491680696 0.030970459920354187 0.14122529723681509 0.02477636793628335 0.019821094349026857 0.04211982549960254 0.02477636793628335 0.030704012755731785 0.0495527358725667 0.07928437739610672 0.02973164152354002 0.043358643888495862 1.5902708006324244 0.027254004729912906 0.014865820770557998 355.71307564282347 1.7343217541897491 0.040881007094867527 0.042119825491681695 0.024776367936283239 0.027254004729911685 1672.6594368749099 22.692514316993766 104.64333003471029 0.17916660737431778 9.4140356891211905 4.0497992967720915 0.032366688177717151 0.0012198432217864754 0.016463474076451701 0.0024391238415745857 2.1563595135720917 0.15699697602204254
leaf_count=3300468 56 28 54370 42 24 143 18 16 19 26 25 177 28 91 39 28 411 885 246 20 62 27 37 107 39 24 25 55 25 419 34 25 114 20 16 53 20 37 40 64 24 35 1284 22 32 287139 1400 33 34 20 22 1350234 16876 67469 186 1727 3302 33 60 32 21 1519 189
internal_value=-0.042928 -0.0281826 0.147974 3.3621 2.26478 -26.9551 -55.5147 -295.868 22.6237 -17.2971 2.90347 7.60148 12.6304 2.12746 5.77916 -56.1053 -7.46001 -54.3805 3.93343 7.16222 26.7721 17.8019 15.6907 5.25637 8.91906 19.2269 15.6459 5.33141 0.972216 2.76344 8.71521 6.34864 4.01508 19.1214 31.1726 33.5841 26.5515 -4.33567 21.6828 5.6704 9.87478 4.02681 0.181117 2.80736 24.4549 -0.0339732 0.630042 6.72382 9.69226 5.18192 11.251 -0.0345577 0.00437602 -0.042773 -0.163433 -0.742582 -1.42088 -3.60222 -42.8773 -111.765 -396.237 -2.77514 -1.90881
internal_weight=6324.96 2245.08 71.4517 4.13228 3.90956 0.0836266 0.0369602 0.00507063 0.222724 0.0318896 3.82593 0.542374 0.323332 3.28356 0.789127 0.00981175 0.0269907 0.00368118 0.665245 0.360496 0.195733 0.0644186 0.123882 0.310943 0.17839 0.166002 0.111494 0.130076 2.49443 0.764171 0.245286 0.203166 0.172196 0.0495527 0.131315 0.0966278 0.054508 0.0466664 0.0805232 0.15733 0.0755679 0.122643 1.73026 0.139986 0.0346869 2173.63 1.91147 0.177151 0.107777 0.0668962 0.0619409 2171.72 378.406 1793.31 120.652 16.0088 6.59481 2.54501 0.0524891 0.0201224 0.00365897 2.49252 2.31336
internal_count=5090096 1789628 59298 4928 3381 292 231 159 1547 72 3089 438 261 2651 637 54 1315 1296 537 291 232 69 100 251 144 134 90 105 2014 617 198 164 139 40 163 115 44 61 65 127 61 99 1397 113 48 1730330 1543 143 87 54 50 1728787 304015 1424772 74538 7069 5342 2040 146 113 81 1894 1708
is_linear=0
shrinkage=0.05


Tree=2
num_leaves=64
num_cat=0
split_feature=1 2 2 10 7 4 4 1 2 2 7 2 2 0 0 1 2 2 0 5 0 2 3 7 4 2 2 2 1 2 0 3 5 2 7 2 7 2 7 4 4 7 5 2 0 5 4 7 7 2 4 2 3 7 1 2 2 7 2 7 2 1 2
split_gain=916.102 507032 1.77799e+07 330.01 182088 1.54737e+06 1.72707e+06 50891.3 1.25796e+06 7.95886e+06 4907.58 68296.6 317209 980532 3543.55 659.279 24747.8 39125.6 64550.6 179089 327.397 4497.34 554394 3.3027e+06 6.41185e+06 9966.32 70924.1 860.219 3452.16 10105.8 13726.3 2530.47 1833.4 3687.02 5794.28 5551.33 2993.31 2831.64 16990.3 29949.8 14832.7 2829.82 2565.92 7384.61 2126.13 1254.59 2087.89 798.137 721.532 866.247 720.993 675.608 1299.18 4722.51 1929.91 5690.17 2709.43 2629.62 1207.96 1117.73 1102.88 4078.34 3688.8
threshold=4.386527915981433 -1.0000000180025095e-35 0.48961255930945041 1.0000000180025095e-35 1.9765931212579717 0.40592503516854389 0.38247316041799861 1.4145327397560654 -0.2781389094146664 -0.1624187140913762 1.5778633687688981 -0.25736471676277001 -0.14428803393629058 0.16231599979751188 -0.18194961733289192 1.0131048359549866 -0.14428803393629058 -0.021120025487310377 -1.6011670593806788 0.20597775641291274 1.1389062198204944 -0.17313760648981294 -0.29192197557427341 1.2082994843832566 1.2708538145531494 -0.15575954840181153 -0.1496977615792284 -0.18175051744327755 0.88307434687779585 -0.090335347169241367 -1.6081928883017074 -0.29244112398024474 -0.023332926331467798 -0.17313760648981294 1.1115730488853959 -0.16782424367953627 1.0888063971518476 -0.14428803393629058 1.2461622343217034 -0.27464172354781263 -0.321063374403258 1.0575506777821906 -0.22136128043613343 -0.1624187140913762 -0.1187171570436341 -0.18163076504842757 -0.31867876683098129 0.031721346980712675 1.136356587399183 -0.1624187140913762 -0.31435712141471012 -0.24991962155295663 -0.29244112398024474 0.45495262225939531 1.0000000180025095e-35 -0.22796742876307602 -0.23231874802891869 0.6586580825009416 -0.23033854549855762 0.68148654099337314 -0.21272129177068166 0.1242183403938229 -0.20386415443623568
decision_type=2 2 2 2 2 2 2 2 2 2 2 2 2 2 2 2 2 2 2 2 2 2 2 2 2 2 2 2 2 2 2 2 2 2 2 2 2 2 2 2 2 2 2 2 2 2 2 2 2 2 2 2 2 2 2 2 2 2 2 2 2 2 2
left_child=3 -2 -3 -1 7 6 -6 10 -9 -10 15 -12 -13 -14 -7 20 -17 -18 -19 -20 27 47 23 24 -23 -25 -27 51 31 -30 -31 32 33 -29 35 41 -37 42 39 40 44 -35 43 -36 -39 46 -40 -22 49 -44 -38 -5 53 -53 55 56 -55 -58 -59 -60 -56 62 -62
right_child=1 2 -4 4 5 14 -8 8 9 -11 11 12 13 -15 -16 16 17 18 19 -21 21 22 -24 25 -26 26 -28 28 29 30 -32 -33 -34 34 37 36 50 38 45 -41 -42 -43 48 -45 -46 -47 -48 -49 -50 -51 -52 52 -54 54 60 -57 57 58 59 -61 61 -63 -64
leaf_value=-0.05106844141097399 -0.050058413444660659 -0.050058413391646156 6262.9243531894626 -0.03923221910901762 2698.4998163643168 37.429800025752648 -0.050059433732998808 -0.050059420477529884 -0.050059278410295061 4455.6186165821464 -0.050059397949881679 -0.050059309543489007 1713.6686720613761 -0.05007348685230361 -0.050059433733696812 -0.050059328148380669 -0.050062914478216439 -0.050060660870183848 784.88494508811982 82.574676861454989 0.2157942722649156 4667.0178980874962 -0.050058533466744215 -0.05005851932049582 48.277666454268314 -0.050058594476998453 425.80035964768126 -0.43417412790492654 -0.050063232974031008 -0.05006042727643803 79.888292277171104 -0.049233852412760876 -0.39786430802555811 -16.941024845279077 -0.050059063629575955 -39.076008117830725 -23.370458759902398 -39.385292782087241 -18.139783610296835 -8.2272185634918671 -146.42941182719582 0.57324959704835921 -0.050059063629575684 -39.252914694354033 -76.342896102173967 -1.2976894192932964 -0.050992966091121583 -0.058192771036774033 0.040596748213040039 -11.584903637495072 -11.664319150718889 14.436835665028406 -0.052511337716135975 0.69312905566788374 0.014043150143174249 20.82811317086896 15.381633209369804 -0.050060014876844673 10.161903840584358 -0.050060014876843799 3.1931409982393664 0.33765237371885348 15.608569874432504
leaf_weight=3855.3687606921649 22.057462517754178 0.040795312379205896 0.0011655803648935236 1824.0078261032468 0.001185822070103924 0.010672398610040545 0.0011858220678191778 0.20391413872130215 0.0070961636956781149 0.0011670526646402335 0.30219559953548014 0.017749792896211147 0.0011670526582595016 0.0029308586422445732 0.015415686881538625 0.89830017602071166 0.014899767469614744 0.0048411651514470586 0.0012102912891403771 0.00363087386412467 33.659683435703755 0.0011784700909632023 3.0599041937383915 0.016346178133971989 0.0020735030993819237 0.0058453549863770587 0.0011741229275493365 3.3803127185419726 0.06486401567235589 0.010849383659660816 0.010633194004696089 60.587601781588319 14.006420200807222 0.032369586129870065 0.043603393365629017 0.019168792325524264 0.021363899752032012 0.011438009538925291 0.030403945468034127 0.066752628088307481 0.0054647384635035925 0.080215884139761329 0.035354102728888392 0.016580216233263223 0.0058983179321723265 0.62651187503239669 0.033561789435086725 126.37526835887849 1.1002361029386518 0.030162791721511151 0.034226599440444261 0.058673714171162739 81.521863651287276 7.4679002597695217 39.784463773714378 0.035922682145609452 0.055081445956602582 0.12932165572419763 0.083241774584166706 0.039514950360171497 0.55502633342985064 8.5116236626636219 0.067055673338471844
leaf_count=3281010 18924 35 991 1518051 188 17 3 172 6 328 255 15 44 70 33 759 13 4 61 26 18693 140 2620 14 5 5 174 535 52 12 40 51374 1447 27 37 35 18 33 46 39 33 59 30 39 24 222 11 77624 493 18 27 49 67735 6237 33228 30 46 108 70 33 464 7109 56
internal_value=-0.0410705 0.280267 173.921 -0.0422419 -0.0268242 126.444 1349.22 -0.0284549 24.4577 629.245 -0.030809 6.12196 91.4927 488.003 15.2826 -0.0317126 1.30439 50.8 129.051 258.152 -0.0322716 0.0358944 1.92634 229.129 1722.05 21.3489 71.1804 -0.0377154 -0.198164 9.79399 39.5169 -0.208927 -0.703073 -1.47006 -3.06655 -11.4759 -22.0381 -2.28117 -4.63625 -25.1265 -74.601 -4.4623 -0.782701 -10.8502 -51.9593 -1.9787 -8.64889 -0.000565877 -0.262952 -5.36049 -16.1631 -0.0311534 0.0753883 0.258995 0.244331 0.974155 0.882425 5.48472 3.32215 6.87471 0.127797 0.623284 4.53143
internal_weight=6084.65 22.0994 0.0419609 6062.55 2207.18 0.0284597 0.00237164 2207.15 0.212177 0.00826322 2206.94 0.324043 0.0218477 0.00409791 0.0260881 2206.62 0.922882 0.0245821 0.00968233 0.00484117 2205.69 163.121 3.08652 0.0266176 0.00325197 0.0233657 0.00701948 2042.57 80.254 0.0863466 0.0214826 80.1676 19.58 5.57363 2.19331 0.187345 0.0747593 2.00597 0.780031 0.0895537 0.0228011 0.112585 1.22594 0.0601836 0.0173363 0.690478 0.0639657 160.035 1.16575 0.0655169 0.0555905 1962.32 138.31 56.7878 56.7292 7.81098 7.77506 0.30716 0.252078 0.122757 48.9182 9.13371 0.622082
internal_count=5090096 19950 1026 5070146 1789136 241 191 1788895 506 334 1788389 384 129 114 50 1788005 863 104 91 87 1787142 99275 2958 338 145 193 179 1687867 54651 104 52 54547 3173 1726 1191 166 80 1025 408 129 90 86 617 76 57 279 57 96317 541 48 45 1633216 115165 47430 47381 6524 6494 257 211 103 40857 7629 520
is_linear=0
shrinkage=0.05


Tree=3
num_leaves=64
num_cat=0
split_feature=10 0 3 4 2 1 0 2 3 2 1 2 2 1 2 1 4 7 2 2 7 7 1 7 2 2 7 7 2 2 3 2 1 1 2 7 0 2 1 7 2 7 2 2 4 2 7 7 2 7 0 0 7 2 1 2 2 7 0 7 2 1 2
split_gain=109.176 325.974 2900.03 32817.2 942.335 297.571 465.203 406.708 1493.27 4501.92 2797.59 1561.24 1152.2 2814.62 1429.3 1475.17 859.364 779.82 2210.11 728.827 1662.79 703.684 699.273 524.202 792.459 461.498 1349.67 529.841 1381.17 157.171 542.541 2327.82 2132.47 1325.76 858.994 3028.63 753.466 615.62 4960.27 1540.99 1363.4 626.065 2183.34 538.599 512.773 501.679 1733.44 472.184 654.911 401.101 546.342 346.486 304.831 273.755 224.563 2802.38 812.45 896.461 500.759 431.494 709.719 907.772 642.836
threshold=1.0000000180025095e-35 -1.6573736907489081 -0.29148685450884027 -0.31435712141471012 -0.25383338232999569 -0.21253280480031275 1.1599837065835803 -0.28846041135110689 -0.29244112398024474 -0.27352763101657629 -0.28886462611299074 -0.28816126748900622 -0.2812520067975543 -0.24703440724887274 -0.27937127306365495 -0.25499285697640939 -0.27982013887095869 -0.49776246679883479 -0.28311788893890183 -0.27757628351661817 -0.16784664348055878 -0.016230255077953407 -0.29755631091413387 -0.08284878308633481 -0.27496639181231813 -0.28427135858773117 -0.63461410148008646 -0.92498321022702545 -0.28667108787965262 -0.28829664393585963 -0.29244112398024474 -0.27396145540057348 -0.22443863830622854 -0.29375347266368063 -0.2720736291180455 -0.016230255077953407 0.078006052745168072 -0.2762460627779712 -0.23493094455921773 -0.1167251506986674 -0.27480315413099327 -0.92498321022702545 -0.28594227094710395 -0.2712660445597701 -0.30150975470270269 -0.28678326682794036 -1.1426467172379324 -0.13309765508094826 -0.27537991838507031 -0.033349285475480779 -0.80022256238341305 0.42227166987557191 -0.15079423676130377 -0.28616662884367949 -0.26059714468769024 -0.28130173254000213 -0.28311788893890183 -0.56901094169218902 -0.27328539330626433 -0.48398913395178411 -0.28219217717822881 -0.26431161781962226 -0.28169366639636556
decision_type=2 2 2 2 2 2 2 2 2 2 2 2 2 2 2 2 2 2 2 2 2 2 2 2 2 2 2 2 2 2 2 2 2 2 2 2 2 2 2 2 2 2 2 2 2 2 2 2 2 2 2 2 2 2 2 2 2 2 2 2 2 2 2
left_child=-1 2 4 -4 -2 6 29 22 9 10 11 -9 17 14 15 16 -14 18 25 -15 -21 -11 -8 24 -22 27 -27 28 -12 -3 31 33 -33 36 49 -36 -31 41 -39 40 47 42 45 -37 -44 -35 -47 48 52 50 -34 -52 -40 -48 55 56 -43 58 -58 60 -59 -62 -63
right_child=1 5 3 -5 -6 -7 7 8 -10 21 12 -13 13 19 -16 -17 -18 -19 -20 20 23 -23 -24 -25 -26 26 -28 -29 -30 30 -32 32 34 37 35 43 -38 38 39 -41 -42 54 44 -45 -46 46 53 -49 -50 -51 51 -53 -54 -55 -56 -57 57 59 -60 -61 61 62 -64
leaf_value=-0.051151039392666943 -0.050052393817602098 -0.045831300287952362 -85.829287277264001 -0.050058372085833108 -8.0523825797696773 -0.045022523335051308 3.8729102088487375 2.4844748917171939 -0.050126870675780602 13.160222513454466 -0.05011519538442788 11.73493150499435 11.902907618029793 0.088153185349451213 13.824098874606708 0.3948304453441549 3.5822464607806164 -0.032688196245626876 9.7961012413837718 10.415006274551747 0.89754667276527322 5.6374508208849505 -0.044234036482710744 -0.050159159568807267 8.0223624069049109 10.331949754949044 -0.050115195384427616 0.10558257750682128 6.6550618096540752 13.074628288542158 -0.049552631481735915 17.399809244248129 10.105949077564121 0.32148220346956868 20.189978330348822 0.48988090716263999 1.7272426202657678 18.23075533918712 6.5122847695387662 0.022918552286906108 15.460935022724602 0.063465783635182668 16.76848701458492 8.1528706492897758 6.3482261815639012 13.187772142317691 0.58343480806333359 -0.050059120622674536 11.43404240879099 -0.050058749464198297 0.44593233046045588 5.8269982131938374 -0.050058749464197354 5.1202725079321283 -0.004315809080649536 11.266635686369208 11.893406455121182 0.21162979577212343 3.7415175059597896 -0.050058818170277547 11.24103230529099 -0.050058749464197951 6.7354740453304558
leaf_weight=3685.0060091011137 2.1626528643173524 189.23614430287853 0.012235619407874765 0.12567379663255707 0.037425143330206967 1771.5624452360614 0.11470153089612978 0.098630745895206928 12.766442134510724 0.075697423424571753 0.21557323122397065 0.084853293141349151 0.071110758930444717 1.0847636121325193 0.050453309435397276 0.11237328010611236 0.055057433201000094 5.7289883829653254 0.071093299658967157 0.057333306176587939 0.10551074263639748 0.052746641682463458 16.993679247098044 0.26145733543671745 0.061937429942190647 0.048159977188333869 0.089439957635477074 1.2843184361699966 0.11930565466172982 0.030476917512713864 98.864766820216801 0.025788160972297192 0.024615971837192774 1.4803211438702417 0.02964421350043267 0.092602941673249006 0.028132539242506027 0.041026619728654512 0.030476917512714863 1.3702890989370633 0.025788160972297081 9.689533159718847 0.023783267824910581 0.030476917512713864 0.023443782702087357 0.033993484918028116 0.2367822052910924 0.069498644093982875 0.030476917512714863 0.2109940443187952 0.10080826561897993 0.042538293986581266 0.042198808863759041 0.038682241458445676 43.722545731579892 0.057437267620108368 0.029304728377610445 0.1910668290220201 0.052748511079698801 0.37544000835623492 0.039854430593550205 0.085569806862622499 0.058948941878043115
leaf_count=3300468 1427 161283 28 108 39 1474627 38 37 5948 27 94 37 25 467 22 49 18 2414 31 25 40 23 7380 108 21 21 39 542 34 26 84915 22 21 1262 25 79 24 35 26 1169 22 8263 20 26 20 29 202 59 26 180 86 36 36 33 37275 49 25 163 45 320 34 73 50
internal_value=-0.0459193 -0.0369937 -0.627066 -7.66058 -0.186179 -0.0363543 0.00342182 0.16576 0.305495 0.772152 0.647743 6.7624 0.528601 1.6434 6.17829 4.56115 8.27193 0.254213 1.15342 0.809179 2.41774 10.0709 -0.0179719 1.34871 3.53295 0.803672 3.58361 0.567432 2.33871 -0.0151346 0.0218107 0.142693 3.3582 0.111684 2.67714 5.84292 7.62788 0.104056 1.06812 0.619273 4.7373 0.076412 0.984233 2.38738 11.5958 0.704224 2.53511 3.13555 5.28185 1.40129 3.22448 2.04277 2.70189 1.22052 0.0457012 0.252401 0.19228 1.69078 6.65291 1.14853 2.34713 4.56016 2.71775
internal_weight=5844.98 2159.97 2.33799 0.137909 2.20008 2157.63 386.07 39.6036 22.4952 9.7288 9.60036 0.183484 9.41688 1.86 0.288995 0.238541 0.126168 7.55688 1.82789 1.571 0.486239 0.128444 17.1084 0.428906 0.167448 1.7568 0.1376 1.6192 0.334879 346.466 157.23 58.3653 0.557469 57.8078 0.531681 0.152724 0.0586095 57.7492 1.60976 1.56873 0.198439 56.1395 1.83701 0.12308 0.0472271 1.78978 0.309458 0.172651 0.103153 0.378957 0.167963 0.143347 0.0726757 0.275464 54.3024 10.5799 10.5225 0.832933 0.0820532 0.75088 0.37544 0.184373 0.144519
internal_count=5090096 1789628 1602 136 1466 1788026 313399 17440 10022 4074 4024 74 3950 775 114 92 43 3175 761 661 194 50 7418 169 61 730 60 670 128 295959 134676 49761 475 49286 453 130 50 49236 1373 1338 169 47863 1566 105 40 1526 264 147 88 323 143 122 62 235 46297 9022 8973 710 70 640 320 157 123
is_linear=0
shrinkage=0.05


Tree=4
num_leaves=64
num_cat=0
split_feature=0 2 3 2 10 2 0 0 2 1 2 2 2 1 7 0 0 1 2 1 2 0 5 7 0 0 0 2 7 2 7 3 7 2 0 1 2 1 2 7 2 1 2 0 7 2 0 5 2 1 1 2 2 1 7 5 1 0 0 2 7 7 2
split_gain=45.1052 54.7421 139.753 2710.72 10531.5 39744.1 62826.5 1884.79 239.103 446.439 1301.33 4031.06 369.399 290.1 725.718 5159 5945.44 306.282 862.476 193.567 1798.28 3408.25 643.094 134.439 169.666 64.8749 53.7269 52.052 28.3905 26.7184 104.541 228.067 609.658 1787.97 1294.71 974.966 725.281 320.46 2003.91 2865.59 1378.85 862.317 1303.53 720.545 1441.48 1845.77 624.111 538.974 416.089 1377.86 386.734 3930.8 6261.83 30154.1 42904.8 7689.6 705.708 592.884 509.291 14468.4 35767.3 87713 1008.78
threshold=3.1026254032480018 -0.27937127306365495 -0.29244112398024474 -0.17777554989315728 1.0000000180025095e-35 -0.17313760648981294 3.1482932912346882 3.2747582118132041 -0.22796742876307602 0.13022996712362442 -0.22102881804246874 -0.21947849459019209 -0.25166190776817748 0.14872855718301994 0.5407891000320374 3.2747582118132041 3.3098873564183471 -0.0076740096794961328 -0.24250758104744283 -0.1431789049791066 -0.26732402784455284 3.1482932912346882 -0.28553736196292417 -0.16784664348055878 3.1482932912346882 3.3169131853393758 3.3169131853393758 -0.27659129176017022 -0.049812045942504844 -0.27095132028818497 1.2461622343217034 -0.29244112398024474 0.10872156645181964 -0.26802860858457012 0.89300220758449156 -0.19669425155508274 -0.26768255037835526 -0.05273007701529743 -0.24538338186925673 0.50725542022698267 -0.2391639957424255 -0.076978071640097026 -0.24400181156326237 1.1248545619784369 0.56503319534867635 -0.24400181156326237 0.64709819534848878 -0.23507828105163245 -0.24250758104744283 -0.07000087879652904 1.0000000180025095e-35 -0.23231874802891869 -0.23033854549855762 -0.015632616728739293 0.6586580825009416 -0.28553736196292417 -0.0076740096794961328 0.6119690507433454 1.1599837065835803 -0.2391639957424255 0.64363737966041712 0.62860966391406181 -0.23648018365090498
decision_type=2 2 2 2 2 2 2 2 2 2 2 2 2 2 2 2 2 2 2 2 2 2 2 2 2 2 2 2 2 2 2 2 2 2 2 2 2 2 2 2 2 2 2 2 2 2 2 2 2 2 2 2 2 2 2 2 2 2 2 2 2 2 2
left_child=29 -2 3 8 -5 -6 -7 -8 12 10 -10 -12 19 14 -14 17 -17 18 -16 20 23 -22 -23 24 -3 -21 28 -27 -25 -1 31 32 33 -31 35 -35 -37 38 -34 46 41 42 -41 48 45 -45 -40 -42 -43 -50 51 58 53 54 55 -53 -54 -55 -39 -60 61 -61 -62
right_child=1 2 -4 4 5 6 7 -9 9 -11 11 -13 13 -15 15 16 -18 -19 -20 25 21 22 -24 26 -26 27 -28 -29 -30 30 -32 -33 37 34 -36 36 -38 50 39 40 47 43 -44 44 -46 -47 -48 -49 49 -51 -52 52 56 57 -56 -57 -58 -59 59 60 62 -63 -64
leaf_value=-0.052730235643429282 -0.050201740506981118 -3.613577692291706 -0.050063951659125319 -0.050052797149203181 -0.049978747159664931 -518.3685780369932 -0.050053170693980131 -94.28979531501183 0.11689884499037345 -0.097657367713965881 -0.019995264261306371 20.703420434959 -0.67619209416175297 -0.050047191574598665 -0.050035362696294272 -0.050025305310298154 -62.426421680157176 -0.050036851891289202 -16.407260319209886 -0.033043544161249133 -22.591958784570977 -7.6322031003045652 2.3225457203755893 -0.58797839100755678 -0.029450824207895712 -0.12973177554331025 -1.2556287727014801 -0.65288029701492112 -0.067671195768466641 0.41009774130011778 -0.10372201571073897 -0.050345824127537922 0.044640299426929458 18.197362585557478 1.9709304333927715 -0.050054582737699797 12.375422984849386 0.0081836934415368025 7.2458255183583091 1.5306409098940332 10.893509016076619 -0.050112704016560844 10.293313692355833 -0.050060754378127542 1.9944289388396292 -31.997616435393539 16.452402468752993 3.8038383959768023 8.7416973014274308 0.82807120763624698 -0.0085413311226015063 -215.81267692100164 -1.2009239613751688 -0.050054489962865649 -3.8961598721554234 -115.72586329781475 -3.9606665205118441 -9.2467988394636151 -0.050051116058478728 -486.91735352968175 -0.050021952656879143 -26.971400411468039 -20.402999092860274
leaf_weight=3702.7999673417589 33.987454130110919 0.069056459702576165 16.503181291278793 0.047419640354652404 0.0094812229808803536 0.0010611235632400711 0.0010611235630706515 0.0010611234466958628 0.35375615561330664 2.4129677254791284 0.076509867417114186 0.03384678390736906 0.20710917416024621 0.18532187741948292 0.023639133578399196 0.0072984680009540665 0.0080158514022444574 0.078564976458437769 0.012227031380031617 4.5484214611784797 0.026616431374423127 0.026377756168847653 0.042146131257009507 0.32772315107288452 0.063273363281080422 0.9915566835552454 0.12290556377036255 0.91353856080463536 1.3108273313846697 1.8689839845522676 73.822149525325131 1539.6895762689833 59.346340865729402 0.027401141226892772 0.098941790682171321 0.022867169114761058 0.024143940536892946 25.746540972329598 0.041118758730709762 0.15815255673159878 0.045688717390346342 0.76773778023198214 0.058007871441356773 0.0087188313482329249 0.024455485399837877 0.0093903796358019223 0.033328266756397593 0.064868525105971478 0.062558231060698133 0.4554855988828892 169.28740989657467 0.0025479160598518048 1.9561787643569419 0.090254303184338261 0.013000163013507482 0.0077754857675289661 0.26276383057908326 0.021746825879144893 0.89425692727672867 0.0014377627613089586 0.012070993398083374 0.0037145207196547891 0.01228321865862636
leaf_count=3356243 24159 25 14899 184 11 31 48 86 25 231 7 58 46 199 39 16 37 137 32 2538 31 39 30 54 25 13 28 44 387 1355 64825 1442749 40066 35 30 21 29 19103 25 78 56 349 40 9 16 36 29 35 41 217 119728 39 98 83 13 36 108 24 981 55 30 23 32
internal_value=-0.0507406 -0.0930174 -0.144248 -0.274844 -10.8682 -51.3742 -204.236 -47.1699 -0.221094 0.175499 1.59566 6.33595 -0.348376 -1.63893 -2.51307 -5.44522 -32.6992 -1.79782 -5.62633 -0.268553 -0.699814 -7.40749 -1.50946 -0.362833 -1.89983 -0.135641 -0.247365 -0.380594 -0.171737 -0.0502677 -0.0454046 -0.0430143 0.000164292 0.860655 5.71826 10.7009 6.33142 -0.00661094 0.0935324 1.77121 1.33956 0.953445 3.88215 0.47686 -5.92349 -16.6162 11.3674 6.7337 0.688738 1.78371 -0.0374529 -0.206082 -2.16454 -12.6064 -64.3276 -140.428 -1.52773 -1.83575 -0.0332029 -1.1867 -35.6354 -155.321 -10.3152
internal_weight=5640.13 62.3924 28.405 11.9018 0.0600842 0.0126646 0.00318337 0.00212225 11.8417 2.87708 0.464113 0.110357 8.96462 0.522177 0.336855 0.129745 0.0153143 0.114431 0.0358662 8.44244 1.98893 0.0951403 0.0685239 1.89379 0.13233 6.45352 1.76146 1.9051 1.63855 5577.74 1874.94 1801.12 261.43 2.04234 0.173354 0.0744123 0.0470111 259.388 61.0759 1.72951 1.65506 1.54451 0.21616 1.32835 0.0425647 0.0181092 0.074447 0.110557 1.28578 0.518044 198.312 29.0246 2.35427 0.135325 0.0233236 0.0103234 2.21894 0.112001 26.6703 0.923763 0.0295065 0.00515228 0.0243542
internal_count=5090096 43459 19300 4401 360 176 165 134 4041 321 90 65 3720 506 307 261 53 208 71 3214 619 100 69 519 50 2595 469 57 441 5046637 1690394 1625569 182820 1470 115 85 50 181350 40997 931 877 786 118 668 61 45 54 91 607 258 140353 20625 401 195 88 75 206 107 20224 1121 140 78 62
is_linear=0
shrinkage=0.05


Tree=5
num_leaves=64
num_cat=0
split_feature=2 3 2 7 2 4 0 7 5 2 4 2 7 1 0 4 0 0 5 2 13 5 5 0 7 2 5 2 7 0 4 4 0 0 4 7 0 4 0 1 2 7 2 0 0 0 1 4 1 5 7 0 1 2 7 2 0 2 13 7 4 2 4
split_gain=46.5945 204.954 6585.28 37499.1 15242.8 4563.01 34872.8 1884.95 1653.18 1475.94 1322.59 952.664 6191.16 16375.2 32145.6 8782.83 6021.02 1476.69 2300.11 1027.91 21129.7 128994 34259 878.066 653.911 646.492 601.59 617.069 15449 7922.36 54787.1 79195.2 171523 24388.4 577.573 778.375 470.806 436.295 626.444 370.505 637.124 957.551 818.016 8667.11 13587.7 70324.9 28692.8 29467.6 1728.59 734.01 631.46 1624.6 938.804 1258.44 1283.48 901.646 486.015 6395.09 78954.5 172041 601232 33757.8 12890.8
threshold=-0.26313228313264947 -0.29244112398024474 0.04468483804093961 1.7428831724475888 0.32462632152019028 -0.29464416033636404 -0.77211924669929843 0.2827469987733669 2.6366166758626686 -0.26024827143503731 -1.0000000180025095e-35 -0.043528862767613058 1.5778633687688981 1.0131048359549866 -0.62457683935769681 0.84009660505228145 -0.39975031388478 1.9117474011336457 0.58600163873150735 -0.090335347169241367 1.0000000180025095e-35 -0.16214181766660565 0.10191705357197355 -0.027381381070261664 0.25822485288509089 -0.26227562894028128 -0.30519153899707191 -0.23775578986083926 0.6586580825009416 1.6658433888976429 -0.31783197433087446 -0.32381357898903451 -1.6081928883017074 1.0545962727681506 -0.20440610030185913 0.24622746665844555 -0.18194961733289192 -0.31783197433087446 0.30985840713911356 0.19542376765906669 -0.22574795442194959 0.83136610253681575 -0.21716428443477401 1.0545962727681506 1.1037770752153511 1.1599837065835803 0.058156687084538194 -0.26646651768639401 0.06288488333260922 -0.18163076504842757 0.76670627891633047 1.1599837065835803 0.015475448869174501 -0.22102881804246874 0.7524594015975804 -0.21947849459019209 1.1389062198204944 -0.17313760648981294 1.0000000180025095e-35 1.226120203185066 0.61887573881512192 -0.15575954840181153 0.066454429810350907
decision_type=2 2 2 2 2 2 2 2 2 2 2 2 2 2 2 2 2 2 2 2 2 2 2 2 2 2 2 2 2 2 2 2 2 2 2 2 2 2 2 2 2 2 2 2 2 2 2 2 2 2 2 2 2 2 2 2 2 2 2 2 2 2 2
left_child=-1 2 7 -4 5 6 -5 9 -7 24 36 19 13 14 -13 -15 -16 -14 -19 26 21 -21 -23 -18 25 -2 27 -9 29 30 31 32 -29 -34 37 -36 -11 38 -27 40 -28 42 50 48 -45 -46 -47 -48 49 -44 51 52 -42 -54 -55 -56 -41 -58 59 60 -59 -61 -63
right_child=1 -3 3 4 -6 8 -8 11 -10 10 -12 12 17 15 16 -17 23 18 -20 20 -22 22 -24 -25 -26 34 39 28 -30 -31 -32 -33 33 -35 35 -37 -38 -39 -40 56 41 -43 43 44 45 46 47 -49 -50 -51 -52 -53 53 54 55 -57 57 58 -60 61 -62 62 -64
leaf_value=-0.053030010536828577 1.0239017771551524 -0.050680031262844677 -193.20065887571957 -236.87660322765061 105.30918818504968 -3.4122760161727359 -0.050047552752817838 0.19022535204611191 -30.142157504691479 7.2106135576064139 1.5003454479994884 263.36964520468501 -0.44612546371389156 -1.3671463766645227 105.3178639570569 77.903503839390737 26.291930335116177 37.5813494186364 -0.050047564450345007 -1.591592003027182 0.10385224794921477 -444.11587694040639 -171.78743077246901 -17.611366111359668 0.25483303680467589 2.1348080566866812 -0.021981522954669153 -0.050115689442749925 -0.053019696346414069 10.650395085258166 -0.016872008802664575 -0.050115689443765876 792.49631236090909 449.36207829679682 16.558859999936036 4.6512958256348718 18.387113274471766 0.7725728848748975 14.855187489174757 -0.056817528558581909 8.9867811116572991 0.07219244595615322 11.603394825666626 -0.051209214109170564 -0.051079195216214159 27.180720799330295 306.76434694560652 111.80921372762626 0.39270639222268811 3.2739804352008388 -0.11105253154216288 0.4124304451885305 0.88469339936088631 17.324180606278059 -0.050057214797934138 8.5521657364182673 -0.21688269908812027 -1411.5290401223492 -0.050048382073797519 -0.05004854722784996 47.473143325385017 -261.34382248434275 -78.045307695871116
leaf_weight=3784.9513290054938 0.13967413617682897 1350.9863313227543 0.0028475186326816773 0.0019001243012774444 0.0028474012876902035 0.04461326811003774 0.0085434143006961963 5.5538973277473138 0.0066462604446311238 0.013772831764169411 0.03223592415463248 0.0018981116971511077 0.37871336331806987 0.037962223117282166 0.001898111077226438 0.0038484455450383806 0.0018981110770757599 0.0066433887709221586 0.010444397048642778 0.030488309103204075 0.64977326622849496 0.0019141306112340486 0.0029113986067319519 0.0028471666180000738 0.32791122063155381 0.02288470510424985 114.60479929454419 0.0023030601441861296 1.572847943981234 0.089624856878259607 0.024087546393415038 0.0046061202883720398 0.0010724925349078216 0.0010013080900534992 0.024083448302925525 0.031905656913295388 0.029831953615763563 0.060755735869861376 0.016772588008961108 93.194411392265437 0.066394901368766912 24.714827971702963 0.047196313738822937 0.060547232627868541 0.034117262111976743 0.0036732373664563065 0.0034222643589600929 0.004469903826134213 1.6895742211490867 0.060167795046965789 2.9574710413569338 2.8134343165696687 0.32094119675457511 0.023022592067718173 0.058181313565000892 0.063936961581930518 8.4927702533625489 0.0010627150768404139 0.22578419104684144 0.012587181234266609 0.0021042355801910162 0.0019135549664497367 0.0019231938058510423
leaf_count=3600265 136 1332750 320 66 1346 165 275 1880 17 16 11 33 462 189 10 16 4 43 13 21 821 102 50 101 262 33 67730 1 1154 30 8 2 51 11 23 26 40 34 24 69160 58 5940 41 9 8 15 26 26 271 53 1247 60 281 20 51 56 3746 149 234 14 13 62 15
internal_value=-0.0499997 -0.0428739 -0.00209407 -15.6291 -7.79592 -13.0154 -43.1389 0.00197971 -6.87805 2.59339 9.17975 -0.00505388 2.3034 18.8171 81.9028 5.92929 30.0551 0.202605 14.5803 -0.00905526 -1.94323 -39.6095 -279.811 -0.0500475 1.79286 3.49627 -0.00389345 0.445108 1.28 18.3681 39.284 144.668 296.966 626.818 5.7042 9.77328 14.8569 3.43534 7.51474 -0.0169417 0.0337095 0.227579 0.695541 1.60403 15.4815 36.0685 142.619 196.347 0.783629 6.93552 0.421243 0.891743 3.42427 2.63187 6.49531 4.45377 -0.0902488 -0.446801 -8.40461 -104.691 -442.116 -39.6264 -169.464
internal_weight=5394.54 1609.59 258.607 0.067398 0.0645505 0.0617031 0.0104435 258.539 0.0512595 0.699828 0.0758407 257.839 0.446153 0.0503522 0.0085415 0.0418107 0.00664339 0.395801 0.0170878 257.393 0.685087 0.0353138 0.00482553 0.00474528 0.623987 0.296076 256.708 7.24944 1.69554 0.122695 0.0330705 0.00898298 0.00437686 0.0020738 0.156402 0.0559891 0.0436048 0.100413 0.0396573 249.459 147.526 32.9214 8.20655 1.90317 0.10623 0.0456827 0.0115654 0.00789217 1.79694 0.107364 6.30338 3.34591 0.532477 0.466082 0.145141 0.122118 101.933 8.73815 0.245375 0.0195909 0.00316695 0.0164239 0.00383675
internal_count=5090096 1489831 157081 2189 1869 523 341 154892 182 605 67 154287 871 353 148 205 115 518 56 153416 994 173 152 105 538 276 152422 3137 1257 103 73 65 63 62 140 49 56 91 57 149285 75892 8162 2222 449 84 75 67 52 365 94 1773 526 466 408 127 107 73393 4233 487 253 162 91 77
is_linear=0
shrinkage=0.05


Tree=6
num_leaves=64
num_cat=0
split_feature=1 5 2 10 2 2 1 0 2 0 5 0 1 2 4 5 5 4 2 4 4 1 2 10 2 2 3 3 3 5 3 3 2 4 5 5 5 5 5 1 2 0 1 2 0 1 7 5 2 0 7 2 7 3 1 7 0 1 2 3 7 3 2
split_gain=372.795 399280 1.95141e+07 1827.27 213375 1.08041e+06 1540.13 2345.1 314.612 1569.7 2760.46 260.536 582.053 999.78 115.109 247.923 91.5083 77.842 258.56 112.288 46.5562 24.0404 481.151 6894.53 6007.68 70508.4 486647 938435 4306.85 20283.7 1593.56 452.114 19952.7 14916.6 16651.5 2398.96 297.487 1019.38 130.554 104.448 66.1546 1270.68 1204.22 15.2169 134.094 179.901 2313.03 2303.25 73.6131 152.928 394.319 705.2 3816.08 92212.4 15998.5 699.151 2396.42 381.834 946.179 5359.77 180.356 440.979 167.298
threshold=1.1948247627620077 -0.32822737224745718 0.04468483804093961 1.0000000180025095e-35 -0.20988735377799578 -0.11240237103933534 2.1191047754865804 -0.21005293301700653 -0.043528862767613058 1.1037770752153511 0.55245422473820349 -1.5941412304596503 2.7725765267179745 0.32462632152019028 -0.32339829204806436 -0.027195627216179019 -0.090959787946836887 0.017788352256135235 0.17459304069574319 -0.31519942459660144 1.023332483482235 0.64490534659183973 -0.10249983670087032 1.0000000180025095e-35 -0.090335347169241367 -0.060836062884435944 -0.28865621724613039 -0.28972640819636614 -0.28714725617989761 -0.15565442235506829 -0.26303426165551502 -0.29244112398024474 -0.043528862767613058 0.45872876375557398 -0.096379902994146185 -0.004125830811050865 -0.1578438367057535 -0.29341466233270863 -0.30708221585009571 0.78034915966887419 -0.14428803393629058 1.1599837065835803 0.88307434687779585 -0.25844267509145485 3.3169131853393758 0.13634524401774831 0.5493679116828275 -0.25138873331210937 -0.23033854549855762 1.1599837065835803 0.46387042541159962 -0.23775578986083926 0.62086960529646074 -0.2921931219186325 -0.041668953432187107 0.6586580825009416 3.1201899755505735 -0.090292911469899678 -0.2476450410346405 -0.29232497678694563 0.45495262225939531 -0.29163901683942911 -0.23231874802891869
decision_type=2 2 2 2 2 2 2 2 2 2 2 2 2 2 2 2 2 2 2 2 2 2 2 2 2 2 2 2 2 2 2 2 2 2 2 2 2 2 2 2 2 2 2 2 2 2 2 2 2 2 2 2 2 2 2 2 2 2 2 2 2 2 2
left_child=21 2 -2 8 6 -6 -5 -8 -3 11 -11 12 16 -14 15 -13 -10 18 19 -16 -18 43 40 31 -25 26 27 -26 29 -27 -30 32 36 34 -34 -36 37 38 -24 -32 -23 -42 -43 -1 48 46 -46 -48 49 -45 60 57 53 54 -53 56 -54 58 -52 -60 -51 -62 -57
right_child=1 3 -4 4 5 -7 7 -9 9 10 -12 14 13 -15 17 -17 20 -19 -20 -21 -22 22 23 24 25 28 -28 -29 30 -31 39 -33 33 -35 35 -37 -38 -39 -40 -41 41 42 -44 44 45 -47 47 -49 -50 50 51 52 55 -55 -56 62 -58 -59 59 -61 61 -63 -64
leaf_value=-0.053538211899159999 -0.050048409863830301 -0.049587934213549206 5158.9468392948038 -0.05004846473883711 -18.292844768268242 1618.2435875961935 -20.658599509531655 -0.050048617124513285 -5.9901699328072286 -32.297304779926229 -0.050041890016930247 8.3361191192645112 -0.050029618775425277 -19.143299618910316 -6.3904310947266039 -0.05003338108558042 -0.050040544377345467 -0.29634554424269621 -8.9602314743242228 -0.050031254128240749 -2.8861881442519532 -0.050469303361645325 25.520793090226576 0.30740459379536839 1837.9562297025161 -0.37404156256979298 -0.050046205279901758 -0.050046094988415848 -19.435835986843141 43.159788795497107 -0.050046106657508173 -0.05004581428727739 -231.64693777918166 -224.85432365822567 -53.292062460881425 -0.050012112899559702 -0.050050414926419234 -0.050049984576742729 47.345116351291693 -3.5215078777047881 -0.050044182964831242 -18.205214260031248 -0.050045782601454952 -0.039555099811057225 -0.045374180232538863 -0.029232247665389923 18.251377287184749 2.3890141710964383 -0.054509933059032505 -0.022744501750765776 -0.050049559264491797 219.14728989316765 7.9176109451164951 -0.050047678407752039 95.470720492236893 -0.053699478993883547 0.055771950331404654 0.074355210889774967 37.399009765917008 -0.050047676586745499 -10.358400264523342 -0.050047676458512227 -1.9430102150060145
leaf_weight=3499.6809827896636 0.091333615246648361 108.90451568202114 0.0018705186710169927 0.36658773466479033 0.0054816149640828362 0.0012358758489693367 0.024261773797241704 0.032025266089476645 0.0084173340001927333 0.010853633925204366 0.017080021345464123 0.011924418155103922 0.014392584118468527 0.013093630666844547 0.0078859411879295127 0.03377782896859538 0.08073038073780453 0.90188536224082505 0.011223112000840807 0.060984468982451912 0.017629555427226412 86.950572420849539 0.0019553520868633703 0.27931377559434623 0.0011153389594383721 0.115805983543396 0.017523668881040077 0.0018403702415525913 0.012896044063381851 0.034796393138649906 0.087437880632933229 4.527825981378748 0.0010794138611804607 0.0013344940267013107 0.0037564295444472914 0.0048438709927723072 0.32322605990339071 0.0099185017170384561 0.0010549598373472673 0.028806312591768801 0.69655356948356839 0.019278257037512958 0.017357051838189363 322.87170568096792 0.73697668812687878 1.2329826100223218 0.03567571063285993 0.063828514765649519 1088.0880483794251 27.907258643097631 0.12760410316648618 0.004790203304620432 0.12687109320868961 0.19986746372887243 0.0057579071726650008 1.0402011488433469 0.41071167487354965 7.5477732370315769 0.012016328168342777 0.046633986290545132 0.014548265885593353 0.036165233235805866 0.13204650368049908
leaf_count=3490926 140 116026 1114 379 8 1144 35 33 10 22 23 22 44 20 14 52 127 305 14 111 25 91139 142 36 120 1 19 2 19 206 95 4951 158 11 20 20 323 10 1 33 819 30 19 308088 253 55 39 25 1052383 13693 153 30 79 210 14 701 15 5273 32 49 34 38 164
internal_value=-0.0492885 0.0415109 103.486 -0.0457233 3.20888 282.795 -1.23243 -8.93309 -0.0584229 -0.867047 -12.5797 -0.585469 -2.65686 -9.14551 -0.314848 2.13804 -0.98657 -0.429008 -1.92284 -0.776033 -0.558378 -0.0512799 -0.0261131 0.429533 5.58527 10.4956 100.051 693.523 3.93943 9.68437 -2.76028 -0.183377 -1.9223 -68.1429 -46.5378 -23.305 0.247432 7.68461 33.1691 -0.910304 -0.0544574 -0.527411 -9.60367 -0.0517534 -0.0474477 0.354747 0.920736 8.07622 -0.0480223 -0.0284398 0.066976 0.342476 1.20009 7.55395 151.636 0.418168 1.91119 0.129544 2.366 7.62255 -0.0281581 -3.00722 -0.266519
internal_weight=5154.08 110.617 0.0932041 110.524 0.429592 0.00671749 0.422875 0.056287 110.094 1.18988 0.0279337 1.16194 0.134263 0.0274862 1.02768 0.0457022 0.106777 0.981979 0.0800935 0.0688704 0.0983599 5043.46 93.1383 5.45453 0.579536 0.300222 0.0204794 0.00295571 0.279743 0.150602 0.12914 4.875 0.347169 0.0110142 0.00967971 0.0086003 0.336155 0.0129288 0.00301031 0.116244 87.6838 0.733189 0.0366353 4950.32 1450.64 2.06946 0.836481 0.0995042 1448.57 360.484 37.6122 9.65427 1.92025 0.210416 0.0105481 1.70983 0.537583 7.73403 0.186254 0.0586503 27.958 0.0507135 1.17225
internal_count=5090096 119668 1254 118414 1599 1152 447 68 116815 789 45 744 226 64 518 74 162 444 139 125 152 4970428 98174 6167 531 495 141 122 354 207 147 5636 685 209 198 40 476 153 143 128 92007 868 49 4872254 1381328 372 317 64 1380956 328573 20485 6720 1213 254 44 959 94 5507 234 81 13765 72 865
is_linear=0
shrinkage=0.05


Tree=7
num_leaves=64
num_cat=0
split_feature=1 5 2 9 2 2 10 2 13 4 0 3 5 4 4 4 2 0 1 3 4 2 5 9 3 4 3 5 4 0 0 10 1 0 5 2 2 0 0 5 4 7 10 0 5 4 0 0 0 10 2 0 4 1 5 2 5 0 2 5 5 4 1
split_gain=53.7339 18831.1 1.16382e+06 8.93711e+06 170.21 2507.83 3250.54 861.417 18762.7 11781.8 362.671 1877.75 2008.34 1058.1 965.799 416.642 153.545 400.013 128.622 55.229 42.2578 177.613 1356.95 68.8863 381.337 853.5 347.116 139.455 354.182 61.5834 108.189 34.0246 3201.61 8171.35 890.256 182.769 173.11 216.027 101.898 18.3239 38.5424 15.6658 55.7067 162.968 72.4897 59.0234 12.9487 21.4859 156.986 321.863 576.945 219.066 368.871 2418.12 211.719 145.623 140.295 144.513 404.264 105.864 463.352 472.589 112.618
threshold=0.78034915966887419 -0.33341004051968026 -0.043528862767613058 1.0000000180025095e-35 -0.043528862767613058 -0.060836062884435944 1.0000000180025095e-35 -0.090335347169241367 1.0000000180025095e-35 0.12357368616147056 -1.5941412304596503 -0.28927263661804636 -0.037676921866666539 0.31604343023642806 0.65757636248459417 1.023332483482235 -0.15575954840181153 -0.78617090454135574 2.7725765267179745 -0.25097447956383306 -0.31704511540569957 -0.021120025487310377 -0.004125830811050865 1.0000000180025095e-35 -0.28575707906233866 -0.31329292500145128 -0.26187451849015247 0.32641933501454057 0.61887573881512192 -0.78617090454135574 -1.4465988231180484 1.0000000180025095e-35 2.1191047754865804 -0.11169132812260545 1.7267596198464592 -0.1624187140913762 -0.10249983670087032 0.54873659045408762 -0.78617090454135574 -0.30988950731237969 -0.27062124783906449 -3.1115100388924115 1.0000000180025095e-35 -1.6011670593806788 -0.33341004051968026 -0.23284785224898505 -1.5660379147755357 -0.80022256238341305 -1.3693147049867334 1.0000000180025095e-35 -0.27053809320552619 -1.0461265746194155 -0.31867876683098129 0.06764506556764123 -0.29143317347186565 -0.24400181156326237 -0.32340148924969375 -0.86345502267267082 -0.28442300790671277 -0.15565442235506829 -0.060838897950828898 -0.11978323153861679 -0.03439260922364034
decision_type=2 2 2 2 2 2 2 2 2 2 2 2 2 2 2 2 2 2 2 2 2 2 2 2 2 2 2 2 2 2 2 2 2 2 2 2 2 2 2 2 2 2 2 2 2 2 2 2 2 2 2 2 2 2 2 2 2 2 2 2 2 2 2
left_child=41 2 16 -4 5 7 -7 31 9 -9 11 12 -6 18 -15 -16 -2 -18 -14 -13 -12 22 -22 24 25 -23 -26 -28 -29 30 -27 39 35 34 -34 -33 37 38 -37 40 -3 42 -1 45 -45 -44 -43 48 -48 -50 56 52 53 55 -54 -52 57 58 -51 -56 61 -61 -62
right_child=1 4 3 -5 10 6 -8 8 -10 -11 20 19 13 14 15 -17 17 -19 -20 -21 21 23 -24 -25 26 29 27 28 -30 -31 -32 32 33 -35 -36 36 -38 -39 -40 -41 -42 46 43 44 -46 -47 47 -49 49 50 51 -53 54 -55 59 -57 -58 -59 -60 60 62 -63 -64
leaf_value=-0.050045510565309294 -0.050044993298322987 -2.8934933423837759 3804.3829523664131 -0.050044114100130981 -51.928720256162471 -0.050049133260840463 9.7512291232441708 -96.59447471374564 -0.050050235068895992 -20.464018480141871 -0.13141024590141087 -3.0348127029135314 -0.050028633196177001 -35.302452657818769 -0.050027890050122009 -20.074971153817426 -14.000795818103104 -0.050043285224369266 -8.5637934080417573 -0.050043848319004061 -19.803962111064912 -43.243733516161313 -0.050030580050035571 -0.050043352750558025 -9.0347829379400082 -8.9695977086701202 -0.050043717821970195 -10.188228343490854 -0.050040015923927234 -0.25416886217040807 -0.050025474784217552 -0.050046958849691306 -71.162711995700505 -0.050046242442110811 -39.053275940277352 -4.5429347429823999 -0.050680655526908619 -8.351166748767703 -0.050043198046556471 -0.049944734503433938 -0.050045245726536569 -0.061225028154679277 1.6307920559434692 0.9423305837912388 0.066361173105484131 5.1944075034339106 -0.052169315899626784 -0.052887153830398818 -0.05004552866067076 -0.045621479722968761 2.7613907631287873 0.36014068106872638 4.8264183998588779 11.630111159817641 0.35434251094966968 0.22165687724301805 -0.019372863081690461 0.27784494085813066 6.8790639511840759 8.4070798437045315 2.4347396200672251 1.0386844058281972 0.45236854556849715
leaf_weight=17.364721157729949 0.86931768903741613 0.017584292982487426 0.0017479608674183531 0.013208717806264758 0.0028913605223941366 0.19460266625206471 0.14963857829904811 0.0077684439020221365 0.48529584379866719 0.014695814868900925 4.129119429985681 0.016751716196740457 0.018135135936972809 0.0056733684778207385 0.005413254471932305 0.0049937717208779694 0.0071680675278003028 0.018145675247069448 0.0058728424774017176 0.20714592345031735 0.010124571741175523 0.0011575760973333562 0.061505915073211695 1.2525539536651991 0.022259966004639864 0.0056056490563540793 0.043079487414726558 0.014795541801433387 0.020622295178327477 1.2704545385011867 0.0086389197549575636 6.151899601268469 0.0049213377163805369 0.022156134888064137 0.0038454436518264084 0.022257370175793767 0.0644425536738783 0.018069840803396728 0.02914455976928039 147.8458545583386 0.036981243582178247 392.91518016386453 0.029745383362751454 0.25080533244181413 4.0493864202289833 0.019067757413722464 363.79462733434048 3922.8618095483353 31.816986089931568 0.050686561138718389 0.071170573775816592 3.3600940404074686 0.030769733362831508 0.059939564463961759 1.2230640902382854 0.27271299428866802 10.757105005591145 0.15248819871339847 0.036079654935747385 0.041385095244122594 0.080698236241006138 0.045891395711806449 0.638525869556822
leaf_count=19119 969 20 1310 15 11 201 55 31 484 23 615 25 53 23 21 29 21 63 29 286 40 26 136 1462 30 36 62 25 28 823 125 6592 36 24 8 32 13 27 41 165078 41 409764 24 17 1016 20 383179 4050068 35217 53 62 1593 32 34 167 51 10292 156 37 37 78 19 92
internal_value=-0.05137 -0.0231501 7.15102 444.567 -0.0633875 -0.0524216 4.21048 -0.061906 -2.11796 -46.791 -0.302661 -2.11091 -11.6834 -8.78074 -18.7063 -9.65892 -0.161823 -4.00046 -2.13267 -0.27336 -0.232108 -0.385491 -2.84214 -0.318814 -0.5616 -0.329493 -3.52374 -1.96094 -4.28519 -0.290825 -3.56013 -0.0551364 -0.168778 -16.2178 -57.0783 -0.0898255 -1.91721 -3.64863 -1.99549 -0.0502828 -0.966375 -0.052339 -0.00996644 0.150061 0.117451 3.02284 -0.0525335 -0.0517458 -0.04089 0.0434758 0.220376 0.622741 0.98082 2.36262 0.709989 0.747283 0.00726186 1.20478 2.83384 0.64758 1.09228 4.53266 0.674794
internal_weight=4913.01 163.086 0.909588 0.0149567 162.176 155.069 0.344241 154.725 0.50776 0.0224643 7.1068 0.266877 0.0429797 0.0400884 0.0160804 0.010407 0.894631 0.0253137 0.024008 0.223898 6.83992 2.7108 0.0716305 2.63917 1.38661 1.28586 0.100757 0.0784973 0.0354178 1.2847 0.0142446 154.217 6.31674 0.0309229 0.00876678 6.28581 0.133914 0.0694718 0.0514019 147.9 0.0545655 4749.92 21.7137 4.349 4.30019 0.0488131 4728.21 4335.29 412.432 48.6376 16.8206 5.82425 2.46416 0.403823 2.06033 0.343884 10.9964 0.239254 0.0867662 2.02956 0.806501 0.0872765 0.719224
internal_count=5090096 178969 2378 1325 176591 172706 256 172450 538 54 3885 477 166 155 73 50 1053 84 82 311 3408 2793 176 2617 1155 1010 145 115 53 984 161 171912 6773 68 44 6705 113 100 73 165139 61 4911127 20196 1077 1033 44 4890931 4481167 431099 47920 12703 2165 572 147 425 113 10538 246 90 393 226 56 170
is_linear=0
shrinkage=0.05


Tree=8
num_leaves=64
num_cat=0
split_feature=2 3 1 5 2 2 1 5 2 1 7 5 1 5 2 7 2 10 0 2 0 4 2 1 0 7 2 1 2 2 2 7 7 4 0 13 0 2 1 1 7 1 2 7 0 0 0 7 0 1 5 2 7 0 0 0 2 0 7 5 5 1 2
split_gain=20.9655 36.4009 223.707 589.733 186.02 120.46 990.879 851.154 3220.11 14506.8 26983.8 23500.3 3019.84 5773.24 55356.3 4375.08 19163.4 15309.5 16216.8 1746.29 599.902 2997.61 447.978 5199.93 354.968 3650.74 5832.02 347.056 538.813 302.048 5786.5 37112.9 83015.6 26386.7 1552.25 7344.16 24388.5 82179.6 3515.12 15764.7 5009.51 5419.12 1475.27 4868.23 1332.85 1125.92 1227.98 766.658 418.212 1884.93 336.784 268.949 673.296 4826.8 18902.1 20170.3 438.524 3302.4 14252.5 723.969 264.145 928.88 202.221
threshold=-0.28829664393585963 -0.2921931219186325 2.1191047754865804 0.94840995390324978 0.17459304069574319 -0.18175051744327755 0.22610429081930775 -0.17604778145283059 -0.16782424367953627 0.31474517773187316 1.0888063971518476 -0.23896516726254829 0.48914578666420028 -0.22136128043613343 -0.15575954840181153 1.1913639109882841 -0.1496977615792284 1.0000000180025095e-35 -0.18194961733289192 -0.1624187140913762 1.0897254173732938 -0.32189911423722078 -0.10249983670087032 0.78034915966887419 -1.5590120858545069 1.2461622343217034 -0.1496977615792284 0.35490629609078983 -0.1496977615792284 -0.060836062884435944 -0.043528862767613058 1.5057302774988888 1.4482375639752043 -0.21713480897919687 1.1389062198204944 1.0000000180025095e-35 2.1295480976855337 -0.17313760648981294 0.2811862055482881 0.51807920259307916 1.136356587399183 0.42017783838951878 -0.090335347169241367 1.4482375639752043 -0.77914507562032698 -0.11169132812260545 0.9000280365055201 1.5778633687688981 -1.6081928883017074 1.4145327397560654 -0.10986875563795508 -0.21514477599359697 0.83136610253681575 0.94218301003169203 1.0967512462943223 1.1037770752153511 -0.21716428443477401 1.9117474011336457 0.8901118538140057 -0.27392443165341812 -0.18883409473465582 0.06288488333260922 -0.23033854549855762
decision_type=2 2 2 2 2 2 2 2 2 2 2 2 2 2 2 2 2 2 2 2 2 2 2 2 2 2 2 2 2 2 2 2 2 2 2 2 2 2 2 2 2 2 2 2 2 2 2 2 2 2 2 2 2 2 2 2 2 2 2 2 2 2 2
left_child=-1 4 -3 -4 5 51 -7 8 -8 10 11 -10 13 14 19 27 -17 -18 -19 -11 22 -22 24 -24 -14 26 -26 -15 -29 34 31 32 33 -31 42 36 37 -36 -38 40 -40 -42 -9 44 -44 -46 -47 50 49 -32 -45 56 53 -53 -55 -56 62 59 -59 -58 61 -61 -2
right_child=1 2 3 -5 -6 6 7 29 9 12 -12 -13 20 15 -16 16 17 18 -20 -21 21 -23 23 -25 25 -27 -28 28 -30 30 48 -33 -34 -35 35 -37 38 -39 39 -41 41 -43 43 47 45 46 -48 -49 -50 -51 -52 52 -54 54 55 -57 57 58 -60 60 -62 -63 -64
leaf_value=-0.048870156554100576 -0.058274154277094925 -0.051465640535671521 -0.050038474292704742 -20.388953474494329 -1.51684439323197 -3.0064727774394711 -0.1795189522252103 -0.21733385672412472 37.706045559999154 -2.5827084376895075 7.8504100554976679 249.14283520889944 -0.13316718223712321 4.7625554976053825 243.84598303667065 -1.0479120978235057 -0.050044501513794609 43.33906350882814 161.97567293723495 22.059421460309668 -0.050186957226980022 -59.617345365695087 -0.046442845082975241 -69.679214559484919 -0.050047925147376583 -0.36888207312660387 49.616724610968411 -1.3227095002398173 3.0294706546193408 130.88604524316608 -38.703729826474053 -0.050047775265095129 3.4476544391412647 331.65472127837637 -0.050035230746899487 -0.050041309051904785 -2.3574118958835464 -407.70001678667626 -50.219138515788011 -148.17283304289546 -22.734448049976194 87.009965316452849 -33.520682004517084 -13.164001027739614 -5.0461669962547884 -33.869678151594506 -9.589848352941079 -0.05004775937633154 -0.16977319154707204 -0.050027008526940746 -4.0419247584125957 0.20696024826212561 0.011871219090898425 -0.051660790887414432 -0.051182711419220067 63.766666922078606 -4.377289497690632 -68.589451094046254 -0.050036150056077679 -4.3505315954215762 -0.026392874321610516 -0.050056017659926004 -0.16857265005359687
leaf_weight=1740.8104420296795 976.44524109520694 1853.7633494887566 0.012954529899222729 0.004916682061713488 0.21998162011072864 0.30218770613792756 4.575995853725348 21.456502185864959 0.0026485793423888571 0.019742062162570642 0.01265727123773132 0.002608421250526577 0.47758984327947201 0.062328419008187641 0.0026650703740018203 0.050107042072340846 0.0071074368315748862 0.0069141768690063115 0.0049374876293521936 0.011307320831764486 0.013095702825154442 0.0025181599918230784 0.040264597985579374 0.0028723404988117767 0.014315214706584811 0.15370357936744483 0.010067093100680713 0.15718373568295088 0.12987597265809306 0.0038186567835509768 0.0038805340027469699 0.13446967222262174 0.014295099303126335 0.0028639925876631223 0.0044150499326198744 0.23824374553819022 0.041618731957017138 0.001717159438612322 0.0029898881340710863 0.0023629043959482428 0.0022041568307471504 0.0022972661539026884 0.010456927586346865 0.011438198445830494 0.020015535061247647 0.010349018906707808 0.01048239937517792 0.3136658146395348 4.8507500314300946 0.016844077207632525 0.087678051844704896 2.5264500467610049 36.479143397424828 0.16872694640187533 0.022573664784431464 0.027421881212704079 0.11333445584181001 0.009483595247732679 0.037884594581555575 0.17041707457974631 2.0940085839247424 0.47707992180949077 43.402485219591426
leaf_count=1972739 949737 2121281 151 21 1682 53 652 7262 46 29 13 39 45 18 201 53 8 24 42 49 345 13 83 252 15 194 41 67 56 28 21 143 17 28 12 303 18 67 19 50 21 19 32 15 33 41 17 329 853 96 99 205 15481 12 1 84 43 32 54 21 1137 439 15115
internal_value=-0.0532214 -0.0557897 -0.0515196 -5.64563 -0.0630156 -0.0627236 -0.156356 -0.13026 0.421934 2.74547 47.3981 142.617 2.05978 5.25743 25.1617 3.65376 15.1528 57.9696 92.7639 6.39127 0.0359537 -9.65701 0.252528 -4.68305 0.57724 2.4824 20.4566 1.38067 0.646371 -0.247019 0.102977 9.59952 71.4543 216.93 -0.326213 -3.92374 -19.9446 -114.201 -8.71537 -35.5678 -0.0500376 33.2728 -0.277659 -3.06673 -17.5926 -13.5149 -21.652 -1.26134 -0.200055 -7.28765 -5.09463 -0.0597871 0.0686986 0.823848 7.94948 34.952 -0.0647148 -0.678456 -13.7723 -0.461199 -0.299307 -1.18191 -0.0629682
internal_weight=4690.09 2949.28 1853.78 0.0178712 1095.5 1095.28 33.3061 33.0039 5.76051 1.18451 0.0179143 0.005257 1.1666 0.452169 0.0337145 0.418454 0.0690661 0.0189591 0.0118517 0.0310494 0.714427 0.0156139 0.698813 0.0431369 0.655676 0.178086 0.0243823 0.349388 0.28706 27.2434 5.02692 0.155447 0.0209777 0.00668265 22.2164 0.295849 0.0576052 0.00613221 0.0514729 0.00985422 0.00749131 0.00450142 21.9206 0.464086 0.0513039 0.040847 0.0208314 0.412782 4.87147 0.0207246 0.0991163 1061.97 39.2243 2.74517 0.218722 0.0499955 1022.75 2.90221 0.0473682 2.85484 2.74151 0.647497 1019.85
internal_count=5090096 3117357 2121453 172 995904 994222 11861 11808 2285 1633 98 85 1535 547 279 268 127 74 66 78 988 358 630 335 295 250 56 141 123 9523 1186 216 73 56 8337 509 206 79 127 109 59 40 7828 566 123 91 58 443 970 117 114 982361 15783 302 97 85 966578 1726 86 1640 1597 460 964852
is_linear=0
shrinkage=0.05


Tree=9
num_leaves=64
num_cat=0
split_feature=7 2 2 0 10 3 2 1 0 3 5 5 1 3 2 0 10 3 2 1 4 0 7 7 0 2 5 5 7 3 2 1 5 5 10 1 3 4 7 7 3 7 7 3 5 3 0 5 0 7 2 7 7 3 2 0 7 10 1 4 2 3 0
split_gain=51.53 276.392 789.789 1364.62 6880.32 7828.68 49419.6 71907.7 655.616 4230.67 4901.03 584.407 32697 527071 406.845 726.546 3680.04 20916.4 53557.6 97878.9 448.551 373.073 363.951 2379.32 3979.21 14042 17814.2 511.327 2106.83 13883.4 13614.3 10538.1 33319.9 353.708 496.889 808.775 4016.73 1088.18 565.667 832.457 1497.84 314.178 1270.58 3525.39 542.58 1487.47 313.384 298.496 253.194 235.967 451.725 445.474 908.02 269.036 418.904 210.366 194.965 1931.76 25167.5 53388.5 8827.61 50467.1 120369
threshold=0.99344572616936277 -0.19874298117041903 -0.1288922661535212 2.56514949078931 1.0000000180025095e-35 -0.29232497678694563 -0.18175051744327755 0.51807920259307916 3.2501678105896032 -0.23649798805430791 -1.0000000180025095e-35 -0.33341004051968026 0.78034915966887419 0.10732408021468769 -0.17777554989315728 1.1599837065835803 1.0000000180025095e-35 -0.28986397603465758 -0.17313760648981294 0.44063561362074549 -0.31704511540569957 -1.6433220329068507 1.1913639109882841 1.2461622343217034 -0.1187171570436341 -0.15575954840181153 -0.27392443165341812 -0.22136128043613343 1.1235737097728069 -0.2921931219186325 -0.17313760648981294 0.37004101686135155 -0.28854508870373879 -0.023332926331467798 1.0000000180025095e-35 0.30315376407655775 -0.29244112398024474 0.31604343023642806 1.0999492544134013 1.1115730488853959 -0.29205414336491692 1.0780759372359643 1.0888063971518476 -0.29063221403558637 -0.23110483554189989 -0.29205414336491692 -0.79319673346238428 -0.20573501216515264 -0.2943628800693503 1.136356587399183 -0.14428803393629058 1.1913639109882841 1.1762782779823129 -0.29244112398024474 -0.15575954840181153 -1.5941412304596503 1.3591396181870457 1.0000000180025095e-35 1.0131048359549866 -0.26028581500144909 -0.060836062884435944 -0.24789297605971033 -1.6081928883017074
decision_type=2 2 2 2 2 2 2 2 2 2 2 2 2 2 2 2 2 2 2 2 2 2 2 2 2 2 2 2 2 2 2 2 2 2 2 2 2 2 2 2 2 2 2 2 2 2 2 2 2 2 2 2 2 2 2 2 2 2 2 2 2 2 2
left_child=-1 -2 3 14 -5 6 -6 -8 11 10 -10 12 -4 -14 -3 20 -17 18 -18 -20 22 -15 27 24 47 -26 -27 28 41 30 -30 -32 -33 55 -35 36 37 46 -37 40 -40 -16 43 -43 -44 -46 -36 -24 -39 53 -51 52 -52 54 -41 -22 -13 -58 60 -60 -59 62 -62
right_child=1 2 8 4 5 -7 7 -9 9 -11 -12 56 13 21 15 16 17 -19 19 -21 33 -23 23 -25 25 26 -28 -29 29 -31 31 32 -34 34 35 38 -38 48 39 49 -42 42 44 -45 45 -47 -48 -49 -50 50 51 -53 -54 -55 -56 -57 57 58 59 -61 61 -63 -64
leaf_value=-0.05185218373938414 -0.05060560377923571 -0.13355359549051024 -0.069904543437532649 -0.050194157192204186 -10.73741211826388 -0.050040891181643871 -486.67255954614603 -24.660249421686387 122.28089960603751 -0.050040760856672632 -0.050041068763055398 -0.044355265355648987 1000.4658003737979 -21.140948748986197 -0.32767034905657388 -0.050039578971158953 -0.049687463127526019 -0.050041033540788864 -518.80013495459764 31.259776557358595 -1.1027943162335903 -0.050039514014847776 -1.9797503516998969 -0.066485667843486432 -0.050034634808763113 -0.050041080925797059 -112.69605045919282 0.19707006051633033 -0.050028951306377391 -0.050041416694490498 -53.306152645343403 -0.050037689016873312 -332.90477030568758 -0.050035842837621497 -3.4657973924636374 -0.053044864799622962 -0.050042049667113966 -19.909431055700828 -16.968287643150322 -0.050025656097087028 -0.050042319662829848 -29.309349806774595 -0.12208602711895684 -0.050041198175912988 -17.948376029885221 -0.05004136591945238 -8.7038583151592785 -5.3998079818612021 -11.819349570239231 0.14637538105310885 -0.050007668964456437 -1.4322909631246581 -12.629025128711387 -0.050041853570982057 -6.918165211234764 -0.0053192737721377047 -0.17672405495756002 -7.1946417238178926 -18.339552078455778 -442.75747542360187 -42.664701166990014 -1.7398389228347686 514.45923830244226
leaf_weight=3864.3955177422804 490.12804120210558 17.057775424484213 1.2131249396795893 0.18807823417990996 0.018713428322413961 0.02056626378180226 0.0014384739933684136 0.0020316767040640116 0.0016349093612718643 0.021161024633328248 0.0016401250031776744 76.568499200639366 0.0013992781864375905 0.0023706896463409058 1.2940888885497153 0.20932529139858586 0.0067782527916068896 0.04506023280555381 0.0016385539202019572 0.0015969432424753904 0.46493606529238807 0.018144184612566616 0.20751190700566452 0.72768837763107719 0.030748049437534064 0.0065619582310318947 0.0075455959304278619 1.1793796970369816 0.0078780865878798068 0.090739030099939652 0.0065720137941223285 0.0015052686794660985 0.001502156710370791 2.551418672315763 0.042795055074904553 1.751315023051575 0.4216502206982099 0.02260559981494481 0.023594419646542519 0.0338326211203821 0.029364912305027135 0.015350715664728801 0.31334186434887901 0.031257131777237976 0.016715336487743669 0.037992019788362121 0.085811409363273583 0.092120791448039974 0.016903000536430568 0.5089459393635708 0.02978816047971089 0.44842978367380226 0.027675026019096549 0.049904325453098752 0.064577230717986822 7.1749542325659421 10.08025995657119 0.17496884464026918 0.0027338079533052442 0.0010164726583354877 0.0023466101878998028 0.029589295058205255 0.0016520596311193161
leaf_count=4390319 586117 8046 1453 262 36 26 89 11 78 40 62 83028 1197 5 600 343 14 55 78 32 289 130 76 757 50 15 37 145 14 110 39 37 19 3603 15 110 505 30 40 66 35 30 133 38 33 46 36 46 16 640 39 143 21 60 15 3146 6082 170 650 536 8 61 134
internal_value=-0.0539895 -0.0674496 -0.134303 -0.333888 -4.16574 -22.2721 -42.8741 -216.177 -0.0541925 8.13459 61.018 -0.0564639 1.02353 61.554 -0.308717 -0.473964 -3.07576 -14.5759 -79.94 -247.307 -0.435354 -2.4873 -0.896533 -1.68709 -5.11043 -18.9993 -60.3001 -0.613646 -1.13988 -7.90611 -48.7396 -88.7817 -166.305 -0.298881 -0.582501 -0.964415 -2.65556 -9.19047 -0.628306 -1.45674 -7.58745 -0.71145 -1.90917 -9.68686 -0.924249 -5.51872 -6.96084 -3.03123 -16.4482 -1.1776 -0.905349 -1.96342 -6.10823 -3.04048 -4.55695 -0.0721076 -0.0718198 -0.276134 -4.9961 -133.373 -2.68761 20.7908 187.512
internal_weight=4478.01 613.619 123.491 35.37 0.230828 0.0427498 0.0221836 0.00347015 88.1205 0.0244361 0.00327503 88.0961 1.23504 0.0219142 35.1392 18.0814 0.264399 0.055074 0.0100137 0.0032355 17.817 0.0205149 4.0685 1.07218 0.344488 0.0448556 0.0141076 2.99632 1.81694 0.108197 0.0174575 0.00957944 0.00300743 13.7485 6.10861 3.55719 0.589765 0.168115 2.96743 1.21611 0.0529593 1.70875 0.414657 0.0466078 0.368049 0.0547074 0.128606 0.299633 0.0395086 1.16315 1.01484 0.505893 0.0574632 0.148314 0.0984099 7.63989 86.8611 10.2926 0.212307 0.00375028 0.208557 0.033588 0.00399867
internal_count=5090096 699777 113660 20026 424 162 136 100 93634 180 140 93454 2785 1332 19602 11556 522 179 124 110 11034 135 2225 981 224 102 52 1244 1099 219 109 95 56 8809 5374 1771 602 97 1169 1059 75 880 280 68 212 79 51 122 46 984 843 203 60 141 81 3435 90669 7641 1559 1186 373 203 142
is_linear=0
shrinkage=0.05


Tree=10
num_leaves=64
num_cat=0
split_feature=7 2 5 0 1 1 3 3 0 7 2 3 0 5 13 3 2 0 3 7 0 0 2 2 2 4 0 0 4 0 3 0 2 7 10 5 0 0 13 0 0 2 3 7 2 1 0 10 0 0 2 2 13 5 4 5 2 7 5 7 4 1 4
split_gain=29.5241 534.24 4100.93 16481.1 45617 1008.91 3880.72 8296.73 3402.74 2962.77 24466.2 123620 261987 1808.66 1060.35 68415 256662 612.921 542.866 1985.08 383.488 295.15 1986.12 200.837 2114.66 2661.59 616.852 116.012 52.4986 97.006 41.7771 85.1644 24.121 15.2007 53.9437 55.7034 21.8793 54.2233 20.8027 558.465 17.4246 22.2555 95.1349 133.441 307.35 105.868 256.219 227.016 167.312 85.572 448.367 84.5984 78.3082 2321.76 6324.61 77.2024 153.822 82.2966 68.8546 58.4678 134.097 50.7031 44.3018
threshold=1.3591396181870457 -0.14428803393629058 -0.33341004051968026 -1.4536246520390772 0.78034915966887419 1.0131048359549866 -0.24931536365780899 -0.27711342559331026 0.30985840713911356 1.4482375639752043 -0.090335347169241367 -0.29205414336491692 2.4316587412897657 0.12501247918306677 1.0000000180025095e-35 0.24607864481017047 -0.060836062884435944 -1.6081928883017074 0.10732408021468769 1.3993054534592864 -0.43487945848992327 -1.636296203985822 0.32462632152019028 -0.060836062884435944 -0.10249983670087032 -0.12688279263694976 -0.27328539330626433 1.0826995884522652 -0.20600304140122164 -0.58944769475255343 -0.22933898346738993 -0.73699010209415505 0.40457528332371334 -2.4908073997077382 1.0000000180025095e-35 -0.33341004051968026 2.7688985294991411 2.56514949078931 1.0000000180025095e-35 -1.6081928883017074 -1.5660379147755357 -0.28311788893890183 -0.2921931219186325 -0.016230255077953407 -0.27537991838507031 -0.26431161781962226 -1.6433220329068507 1.0000000180025095e-35 -1.6503478618278795 -1.6573736907489081 -0.28159118192509031 -0.17777554989315728 1.0000000180025095e-35 -0.33341004051968026 -0.31953244334460346 -0.03073926877809879 -0.27352763101657629 -0.065980859108236603 -0.012057005178910264 1.226120203185066 -0.27464172354781263 -0.24851468030580981 -0.29006764608723257
decision_type=2 2 2 2 2 2 2 2 2 2 2 2 2 2 2 2 2 2 2 2 2 2 2 2 2 2 2 2 2 2 2 2 2 2 2 2 2 2 2 2 2 2 2 2 2 2 2 2 2 2 2 2 2 2 2 2 2 2 2 2 2 2 2
left_child=33 -2 3 4 -3 6 7 9 13 10 27 12 -12 -9 15 16 -7 -11 19 -5 -13 22 -16 24 -19 -26 -27 -4 29 -25 31 -8 -23 34 38 36 37 -36 -1 -40 41 -35 43 44 45 46 48 -48 -43 50 -47 -45 -44 54 -54 56 57 62 59 60 -53 -52 -46
right_child=1 2 5 18 -6 14 30 8 -10 17 11 20 -14 -15 21 -17 -18 23 -20 -21 -22 32 -24 28 25 26 -28 -29 -30 -31 -32 -33 -34 40 35 -37 -38 -39 39 -41 -42 42 52 51 55 49 47 -49 -50 -51 61 58 53 -55 -56 -57 -58 -59 -60 -61 -62 -63 -64
leaf_value=-0.050038989489151912 -0.050666423033115374 -0.050031968135165 -0.050027895757843777 -0.050036479244047929 -331.18435717051136 -200.25203478846103 -6.4227235613678078 -34.202969694871044 -56.11770908891382 -17.590329694349247 -798.03604525492665 -13.90507613090805 -16.041260414566434 -4.7581865236059926 -0.05003123335679735 -0.05003143342966402 755.14028835937177 -0.050029229647181921 -0.05003720145577311 -66.709703973297664 -0.050032471806556594 -0.11527045806317743 -23.057024740506595 -3.1860754926015269 -59.875765608646134 -24.43567281029911 -0.050031112083513178 -6.2099039147547934 -0.22929467586789729 -0.051182407727297353 -0.050032922693118764 -0.050031237955311975 -0.66373011545663663 -0.050102757615184235 1.7382196182882286 0.05467540679603089 0.27813779084890872 0.27813779084890777 14.433807368598139 -0.050038670098641186 -0.051964349355161622 7.3483436699572637 -0.049646076040181286 -0.086856169105084258 -1.9630087902687146 -8.4136624100721047 -0.050038249908766132 -2.9182036444623649 -0.050038273523289378 -0.15207322610978127 4.5391564963614401 -0.46325260664575441 -43.676574203301271 -0.050038362149757515 -0.050038206388367271 -1.0130510928178835 -4.5707689174040516 -0.81229796955036415 -0.1528717226264259 -0.13721822989602189 -1.7216555201539312 -0.048987302890744176 -5.1121210019061811
leaf_weight=46.474737893788564 146.6034932233421 0.0033420830150134874 0.13105692944003 0.0043709306147723453 0.0015099612778570657 0.0014984864895363692 0.0078459779547301878 0.010248020243836642 0.0089177940876439266 0.0057011559307470474 0.0016291012426008908 0.0072175881124394428 0.0031267155427485704 0.010619872836457489 0.068605517782026115 0.18874271757829844 0.0013241695126478339 0.083227433968231068 0.02302249778188592 0.0015001575229689479 0.016213437195233452 6.7909447135685497 0.010866262244588476 0.047849662632121426 0.0033430427190142007 0.0041007728623299053 0.0070545274209052869 0.0081170480744556794 0.28079201865352843 0.050956142018549144 1.9281822933674413 0.015800553990893085 0.20656622141863046 155.36936739548713 0.11180135142058034 8.162025794037616 0.29490166902542114 0.14745083451271057 0.0069042436086659267 0.18458968863738712 3726.4252745099052 0.013518379598042241 127.30837435515203 39.832221099716556 0.026135676665443697 0.017933117753273109 0.12610869403115277 0.15232029918115586 0.017578783503267924 3.7892658563835968 0.010898241487523793 0.8448047900678618 0.011460900987986022 1.2252797935216193 0.030193755490472429 0.28342256231915364 0.054302411602428435 0.11935699131572619 2.3001970899500832 0.51888029039167194 0.28248932624407919 0.013456207239056198 0.019501670190948062
leaf_count=59695 190369 7 319 56 62 19 16 30 28 28 170 18 26 24 180 330 1241 157 148 1202 27 2463 39 15 23 28 28 30 43 44 3008 32 34 196475 45 3148 2 1 11 249 4422550 22 164356 37833 34 26 167 34 23 2880 22 82 25 1602 40 30 20 40 235 112 60 23 10
internal_value=-0.0533986 -0.0747114 -0.429551 -17.8301 -103.099 -0.370242 -1.20902 -4.46135 -30.2659 -3.27958 -9.0127 -51.4925 -283.913 -19.2182 -0.066514 3.60407 247.943 -1.29314 -3.51101 -17.0827 -4.31788 -0.165872 -3.1958 -1.09849 -3.11984 -20.742 -9.01438 -0.409291 -0.578098 -1.56935 -0.0756499 -2.16451 -0.131461 -0.0525877 -0.0265698 0.0876109 0.572711 0.907792 -0.0478961 0.472171 -0.0529427 -0.0639123 -0.0760345 -0.135767 -0.390618 -0.24889 -1.13837 -1.61913 3.16614 -0.177035 -2.4138 -0.108734 -0.0535387 -0.444691 -12.0535 -1.55808 -2.26249 -1.5028 -0.329554 -0.576432 -0.778597 2.00414 -3.30868
internal_weight=4270.71 156.538 9.93429 0.0337456 0.00485204 9.90055 2.632 0.680171 0.0297857 0.650386 0.167361 0.0281868 0.00475582 0.0208679 7.26855 0.191565 0.00282266 0.483025 0.0288936 0.00587109 0.023431 7.07698 0.0794718 0.477324 0.0977258 0.0144983 0.0111553 0.139174 0.379598 0.0988058 1.95183 0.0236465 6.99751 4114.17 55.3824 8.71618 0.554154 0.259252 46.6662 0.191494 4058.79 332.367 176.998 48.4224 4.6438 4.14108 0.309526 0.278429 0.0310972 3.83155 0.0422876 43.7786 128.575 1.26693 0.0416547 0.502719 0.219297 0.164994 3.94637 1.64617 1.12729 0.0243544 0.0456373
internal_count=5090096 200244 9875 1475 69 8400 4094 1038 82 956 590 241 196 54 4306 1590 1260 366 1406 1258 45 2716 219 338 236 79 56 349 102 59 3056 48 2497 4889852 63151 3196 48 46 59955 260 4826701 404151 207676 41653 3331 3197 246 201 45 2951 71 38322 166023 1667 65 134 104 84 489 254 142 45 44
is_linear=0
shrinkage=0.05


Tree=11
num_leaves=64
num_cat=0
split_feature=7 2 0 5 5 13 2 0 2 0 13 3 2 2 5 2 3 2 0 2 2 0 2 0 7 10 2 3 2 2 0 1 10 2 2 3 3 3 7 2 0 7 1 1 4 1 2 7 2 0 0 0 1 4 3 4 0 1 2 2 5 0 2
split_gain=24.1994 417.965 2675.37 8329.01 10051.7 1431.68 8965.41 5492.4 2287.37 5312.66 831.088 66487 234059 70.4204 28.4492 1372.76 2013.12 294.277 39.2475 78.5817 14.5853 14.1823 20.5398 117.596 371.863 2695.06 26559 173465 3408.09 5674.17 4001.88 348.494 1471.44 6617.07 62006.7 175934 246302 336.653 413.426 1656.45 7165.5 60168.7 134505 200806 29798.3 14521.8 299.829 486.141 1493.66 1911.55 5419.49 199.829 636.676 189.651 321.153 303.428 177.329 168.1 367.926 125.031 177.508 552.914 10704.9
threshold=1.4482375639752043 -0.1288922661535212 -1.6081928883017074 -0.22699870415042775 -0.27706586492613289 1.0000000180025095e-35 0.48961255930945041 -1.636296203985822 0.32462632152019028 -1.636296203985822 1.0000000180025095e-35 0.17362594731408551 -0.10249983670087032 -1.0000000180025095e-35 -0.12040854034697705 0.04468483804093961 -0.20394357680419076 -0.11934787695671777 -1.5730637436965642 -0.043528862767613058 0.40457528332371334 -1.5660379147755357 -0.25844267509145485 1.1599837065835803 1.2082994843832566 1.0000000180025095e-35 -0.13682476850670522 -0.28772995175836436 -0.20114661768280781 -0.19148386757746452 1.982005690343932 0.2811862055482881 1.0000000180025095e-35 -0.17313760648981294 -0.14428803393629058 -0.28809880681793915 -0.2894241542944353 -0.29244112398024474 0.89797490371444855 -0.21835482160892339 2.9445442525248571 0.77396408427207009 0.049340121968783179 0.087026992168835984 -0.23636315315738107 0.10269529848734982 -0.24250758104744283 0.62860966391406181 -0.23775578986083926 3.3169131853393758 1.2899615416226105 3.3169131853393758 -0.063315691600428242 -0.29287742092500552 -0.27881182949640809 -0.32339829204806436 3.1763966069188028 -0.14015232514894616 -0.25656895427298004 -0.18175051744327755 -0.18883409473465582 2.4527362280528515 -0.20386415443623568
decision_type=2 2 2 2 2 2 2 2 2 2 2 2 2 2 2 2 2 2 2 2 2 2 2 2 2 2 2 2 2 2 2 2 2 2 2 2 2 2 2 2 2 2 2 2 2 2 2 2 2 2 2 2 2 2 2 2 2 2 2 2 2 2 2
left_child=21 -2 3 4 -3 6 7 -5 -7 -10 11 12 -4 -13 15 17 -17 -12 19 -16 -20 -1 -23 -24 31 -26 28 -28 -27 -30 -31 37 -33 -34 35 36 -35 38 39 46 41 -41 -43 -44 -45 -46 57 48 -48 50 -50 -39 -53 55 -55 -36 -42 58 -25 60 61 62 -40
right_child=1 2 10 5 -6 8 -8 -9 9 -11 14 13 -14 -15 18 16 -18 -19 20 -21 -22 22 23 24 25 26 27 -29 29 30 -32 32 33 34 53 -37 -38 51 59 40 56 42 43 44 45 -47 47 -49 49 -51 -52 52 -54 54 -56 -57 -58 -59 -60 -61 -62 -63 -64
leaf_value=-0.062424966793035677 -0.051055669083387295 -125.58272024194065 -9.6481825560943033 -15.525387604070875 -0.050031899246001814 -0.050028921993800726 -0.050031939492131139 -103.93281656729633 -78.047309935136397 -0.050024511661361751 -16.053385425062178 -3.6735887616333409 -753.37830246456008 -0.050031239099685598 -0.050388366023836464 84.550711872821992 -0.050028990650159533 -0.050772468414786304 -0.13480364039169634 -3.2270484340694923 -0.52759285173776771 -0.054093923039082295 -0.051328106927018252 -2.82457093162391 -0.050034710619411039 -0.050027800182927733 338.01447419131472 -2.1201262078168734 -0.050024980768544586 -26.301094078306864 -128.1860213627582 -0.073937087073919258 -0.050029510276390458 -912.27995009873325 -0.050037241712253239 -0.050037055877999781 -0.050037053107939426 -0.061565420279786912 -0.050035366694685494 0.65617991177824864 -0.71431537978376791 6.224600394373704 628.87143197939668 249.02175600551232 -0.050045340295841317 133.13229831717422 0.32706825118298999 0.10330794054534138 0.061720432565595819 0.6325681932427083 14.412551283330334 -0.050056908413443971 -6.0536101050809474 16.817907676729078 -0.050037234216272319 -12.272073521849553 0.4442930513978543 0.00034966249027316141 0.61774637379594788 0.29907101431083388 -0.11361642256942606 -0.17383268118945289 -41.081512239512598
leaf_weight=332.99023414028079 112.65341696761251 0.0031864210438268875 0.0052093372898309636 0.0032309433387074371 0.0031921997831432167 0.115134910255034 0.025673002442658799 0.0038504936298063555 0.0032052400601423094 0.0068467582351320021 0.0031243440753314635 0.01379860140319622 0.0013274425513615327 0.47382507489612224 0.051879948678106649 0.0011820227373391381 0.0017357500619255006 0.035690815984196322 6.6039116640197912 0.03116117764252245 0.24511176394819933 2543.0752248928156 971.39935263826953 0.16186602632519945 1.1026533863203407 0.13163829768018331 0.0044370205142912891 0.024153540478437235 0.0059734415012195896 0.0019046842512999023 0.0019510520544688121 2.5474211377732776 0.35283415094359877 0.0014798900811001658 0.013386833888944238 0.0074000753811560571 0.0014798900811001658 59.422178217712137 0.23305937737313798 0.35273966194284551 0.49566873418710122 0.031865887343974074 0.0022260330830025316 0.0028104345485386517 0.004500216222368166 0.0037542513511940141 2.9899680536703617 8.6385971090921316 0.15383520722388805 0.36193551868247575 0.11494321377028155 0.18209072924219072 0.058300571751714325 0.0029642022564075879 0.058740637206938284 0.0081819426609119894 0.98960550250375368 15.363793448860925 0.14915166761387963 1.5575191408312257 10.166398059701374 0.84906960243320628 0.01705959292003989
leaf_count=413249 154794 35 25 20 7 334 53 28 44 17 7 28 1305 779 65 980 127 238 1915 45 21 3255283 1176206 39 1775 247 131 35 15 9 33 3167 661 84 29 10 2 72484 342 22 24 6 93 64 10 35 96 871 2 5 53 228 14 22 79 18 33 2443 11 106 866 252 75
internal_value=-0.0532224 -0.0753155 -0.433394 -6.74429 -62.7595 -4.48205 -13.7886 -63.5965 -2.04704 -24.9207 -0.294533 -2.27603 -160.68 -0.152569 -0.154125 1.14743 34.2227 -1.33887 -0.161961 -1.24243 -0.148861 -0.0525503 -0.0516422 -0.0458582 0.00400097 0.853548 6.71236 50.666 -2.17066 -30.5714 -77.8562 -0.00626741 -0.537991 -3.18576 -15.002 -130.361 -456.165 0.00929345 0.116583 0.218682 1.654 7.6129 61.9549 195.572 108.401 60.5232 0.12192 0.307149 0.793495 3.00464 6.19886 -0.0673856 -1.50606 -0.650468 0.760272 -4.68637 0.0576399 -0.0229471 -1.17377 -0.120825 -0.178878 -0.782478 -2.84862
internal_weight=4074.32 120.286 7.63228 0.16432 0.00637862 0.157941 0.0327544 0.00708144 0.125187 0.010052 7.46796 0.49416 0.00653678 0.487624 6.9738 0.0417329 0.00291777 0.0388152 6.93206 0.0830411 6.84902 3954.03 3621.04 1077.97 106.57 1.27271 0.170058 0.0285906 0.141467 0.00982918 0.00385574 105.297 2.99389 0.446468 0.0936335 0.0103599 0.00295978 102.303 42.6404 29.8173 1.88317 0.397896 0.0451568 0.0132909 0.0110649 0.00825447 27.9341 12.2593 3.62068 0.630714 0.268778 59.6626 0.240391 0.0832736 0.0617048 0.0215688 1.48527 15.6748 0.311018 12.8231 11.2656 1.09919 0.250119
internal_count=5090096 160867 6073 538 42 496 101 48 395 61 5535 2137 1330 807 3398 1352 1107 245 2046 110 1936 4929229 4515980 1260697 84491 2245 470 166 304 57 42 82246 4072 905 244 96 86 78174 5448 3807 287 230 208 202 109 45 3520 1027 156 60 55 72726 242 148 101 47 57 2493 50 1641 1535 669 417
is_linear=0
shrinkage=0.05


Tree=12
num_leaves=64
num_cat=0
split_feature=2 10 1 2 0 2 2 2 5 7 3 1 0 2 0 1 2 0 2 7 0 7 2 2 7 0 2 0 1 0 1 2 1 2 2 1 2 2 5 7 2 2 0 2 7 3 2 0 7 0 0 4 2 0 2 7 1 4 0 3 0 1 0
split_gain=19.2995 33.5595 909.368 168109 974202 11822.5 20941.1 47307.4 10271 115.666 130.515 1108.38 2510.52 265.84 602.145 695.509 1483.08 861.047 2467.22 1182.78 692.531 495.127 2519.6 4025.6 251.356 489.615 930.82 217.67 195.432 267.53 207.068 645.219 336.944 280.154 113.526 590.205 6747.51 19124 92159.7 1776.3 27686.9 51056.2 91608.3 248.524 253.244 881.534 1922.95 2072.15 1927.13 9662.12 10899 1260.43 632.025 207.187 167.229 175.685 233.921 544.685 1707.08 11325.5 22513 7974.47 528.873
threshold=-0.28829664393585963 1.0000000180025095e-35 0.88307434687779585 -0.043528862767613058 -1.3693147049867334 -0.17313760648981294 -0.1624187140913762 -0.14428803393629058 1.0791888705741193 -0.016230255077953407 -0.29244112398024474 -0.2940182616559211 0.21852263116574108 -0.27537991838507031 0.401194183112486 -0.22443863830622854 -0.27480315413099327 -1.6011670593806788 -0.27421000274845192 -0.10022615497510971 -1.397418020670848 -0.033349285475480779 -0.27302109113035872 -0.27264158524729404 -1.1426467172379324 -1.5730637436965642 -0.28724340825471334 -1.4536246520390772 -0.28754800903127592 1.6658433888976429 -0.28982534009412475 -0.28777521956511459 -0.29224578422936126 -0.28752385562543276 -0.23033854549855762 0.78034915966887419 -0.16782424367953627 -0.1496977615792284 -0.14236630029790318 1.3591396181870457 -0.1496977615792284 -0.11934787695671777 -1.4465988231180484 -0.23775578986083926 0.6586580825009416 -0.29244112398024474 -0.23231874802891869 3.1482932912346882 0.62860966391406181 0.95623466787374933 1.1037770752153511 -0.23994883722019897 -0.23519545597679589 0.4082200120335146 -0.21514477599359697 0.99344572616936277 0.1242183403938229 -0.2471395085315958 1.1599837065835803 -0.29232497678694563 2.417607083447709 0.161026270779769 3.1763966069188028
decision_type=2 2 2 2 2 2 2 2 2 2 2 2 2 2 2 2 2 2 2 2 2 2 2 2 2 2 2 2 2 2 2 2 2 2 2 2 2 2 2 2 2 2 2 2 2 2 2 2 2 2 2 2 2 2 2 2 2 2 2 2 2 2 2
left_child=-1 -2 9 5 8 -4 -7 -8 -5 10 11 12 -3 24 15 16 27 -18 19 20 -19 -17 -23 -24 25 26 -13 -15 29 30 31 -27 -33 -34 43 39 -37 -38 -39 54 -41 53 -43 -11 45 46 48 -48 49 52 -51 -52 -45 -42 -36 56 62 58 -58 60 61 -60 -56
right_child=1 2 3 4 -6 6 7 -9 -10 34 -12 13 -14 14 -16 21 17 18 -20 -21 -22 22 23 -25 -26 28 -28 -29 -30 -31 -32 32 33 -35 35 36 37 38 -40 40 41 42 -44 44 -46 -47 47 -49 -50 50 51 -53 -54 -55 55 -57 57 -59 59 -61 -62 -63 -64
leaf_value=-0.048866252233244416 -0.05190603873752319 -10.815203149990111 -0.05003590751766384 -106.89036212738357 1268.8245857109971 -0.050034467683210827 -15.070875777756441 -333.18224725103346 15.72166935796106 -0.051448834380547204 -0.052835007193469508 -0.050052014544559299 0.86654226534441592 -0.071793790315881553 -0.168121828995038 -0.35539360040312767 -1.2472877356010557 -0.046587260357006902 -27.786951185990951 -0.050039056726911217 -17.768418157197548 -0.05003709211268921 -0.050035302127311422 -44.822895989106001 -0.088915799343211088 -0.25001037526730363 -12.954388679366758 -2.1227200315351404 -1.6490955955269955 -1.0077152917813417 -0.32938760909252585 9.1124652727569817 -0.050052773601482706 5.5611283392754567 -0.15670921628183046 -0.050043145048592821 -0.050028611424619673 -49.424076517127034 530.09071202917528 -0.050041333609507466 -0.050018045992082011 -19.278588579748433 -476.90152692757965 0.6893008207837269 -0.089724772869700903 -0.080590426796277259 10.394146818568615 0.52676271211005432 0.071675201304906538 2.0547967625161632 41.32958191237131 66.156712047985849 3.9967466245273551 -15.919962826151234 -0.058959812280750305 -0.12644899077233018 0.55072756343334683 0.019121748129117402 56.670730244306618 -0.050033917651784589 -13.586389082192529 161.68464506524191 3.7019838334419113
leaf_weight=1417.3035026097964 1596.9137457360116 0.078348708106189657 0.91869811586721273 0.0023377490255243188 0.0017732267197751216 0.0089492483596787659 0.0033287080704127456 0.0018010866627561767 0.0063403537504548961 488.61688964423723 76.495091268320422 0.03529732720926404 0.11136847594752908 0.21518388833737845 9.4573153594714068 1.811474809785067 0.0385735612571807 0.0072954866336658588 0.01620902583454098 0.03687833873755153 0.02255845523905009 0.083249715176862082 0.011463171706054709 0.0089325277711088669 85.483465723890589 0.24742471391800791 0.023132891859859561 0.32441164541523904 0.3197830950375492 0.74636158358771354 0.57634586247149855 0.027400670573115349 0.044239215203560889 0.044742648256943074 58.989076209060102 0.12986236618598923 0.0079993102736892752 0.0020253555176230975 0.0010374603795425194 0.20755485676636454 0.0059227989387551361 0.0026002956857522929 0.0018873686407224464 0.62387534079607576 7.5988433587380184 6.7196069795754392 0.10641118139028627 0.10641118139028549 3.4947903933644495 0.024279722943902016 0.013291552663739381 0.0083073044864150347 0.18795636226422985 0.0031506101513514295 51.768525513731461 47.866298977470962 3.0761734105763043 12.36970923580075 0.0035260453904584254 0.079523399239405976 0.0073843827831816672 0.0037097795002186641 0.093644636926739078
leaf_count=1972739 2259367 27 1296 64 1227 15 18 46 22 594350 88671 34 19 12 427 329 10 10 34 49 37 119 18 29 48348 191 14 86 51 48 289 18 42 34 24936 163 29 37 102 275 37 34 116 227 8579 6936 53 2 415 9 24 23 43 14 56069 15183 3252 5134 15 118 33 27 121
internal_value=-0.0535124 -0.0561933 -0.0641605 1.48749 200.904 -0.74688 -46.2179 -126.761 -17.3081 -0.0658655 -0.101971 -0.139644 -3.95774 -0.13237 -0.352722 -1.03039 -2.42865 -7.41905 -10.2894 -6.03926 -13.4377 -0.547698 -3.90872 -19.6588 -0.102083 -0.647213 -5.15896 -1.30484 -0.515816 -0.300932 0.260163 1.19413 4.26433 2.77141 -0.0565354 -0.0913098 3.14316 40.6293 146.874 -0.0939223 -4.57253 -73.7901 -211.74 -0.0445703 0.133412 0.283663 0.819801 5.46045 0.592889 2.7166 25.0402 50.8785 1.45505 -5.56063 -0.0882393 -0.0531996 -0.00118091 0.168983 0.753699 7.38587 47.8318 110.511 -0.0521689
internal_weight=3873.55 2456.24 859.33 0.943228 0.0104513 0.932777 0.014079 0.00512979 0.0086781 858.387 176.267 99.7715 0.189717 99.5817 12.0335 2.57623 0.66111 0.121515 0.0829413 0.0667323 0.0298539 1.91512 0.103645 0.0203957 87.5482 2.06473 0.0584302 0.539596 2.0063 1.68651 0.940153 0.363807 0.116383 0.0889819 682.12 174.62 0.140924 0.0110621 0.00306282 174.479 0.221116 0.0135611 0.00448766 507.501 18.8838 11.2849 4.56532 0.212822 4.3525 0.85771 0.0458786 0.0215989 0.811832 0.00907341 174.258 115.268 67.4022 15.54 3.17032 0.0941436 0.0146202 0.00723582 51.8622
internal_count=5090096 3117357 857990 2688 1313 1375 79 64 86 855302 138946 50275 46 50229 1160 733 238 140 130 96 47 495 166 47 49069 721 48 98 673 622 574 285 94 76 716356 105695 331 168 139 105364 476 201 150 610661 16311 7732 796 55 741 326 56 47 270 51 104888 79952 64769 8579 3445 193 75 42 56190
is_linear=0
shrinkage=0.05


end of trees

feature_importances:
oldbalanceOrg=238
step=141
amount_log=119
amount=104
newbalanceDest=68
oldbalanceDest=57
newbalanceOrig=56
t_CASH_OUT=23
t_TRANSFER=11
t_CASH_IN=2

parameters:
[boosting: gbdt]
[objective: binary]
[metric: auc]
[tree_learner: serial]
[device_type: cpu]
[data_sample_strategy: bagging]
[data: ]
[valid: ]
[num_iterations: 5000]
[learning_rate: 0.05]
[num_leaves: 64]
[num_threads: 0]
[seed: 42]
[deterministic: 0]
[force_col_wise: 0]
[force_row_wise: 0]
[histogram_pool_size: -1]
[max_depth: -1]
[min_data_in_leaf: 20]
[min_sum_hessian_in_leaf: 0.001]
[bagging_fraction: 1]
[pos_bagging_fraction: 1]
[neg_bagging_fraction: 1]
[bagging_freq: 0]
[bagging_seed: 400]
[bagging_by_query: 0]
[feature_fraction: 1]
[feature_fraction_bynode: 1]
[feature_fraction_seed: 30056]
[extra_trees: 0]
[extra_seed: 12879]
[early_stopping_round: 0]
[early_stopping_min_delta: 0]
[first_metric_only: 0]
[max_delta_step: 0]
[lambda_l1: 0]
[lambda_l2: 0]
[linear_lambda: 0]
[min_gain_to_split: 0]
[drop_rate: 0.1]
[max_drop: 50]
[skip_drop: 0.5]
[xgboost_dart_mode: 0]
[uniform_drop: 0]
[drop_seed: 17869]
[top_rate: 0.2]
[other_rate: 0.1]
[min_data_per_group: 100]
[max_cat_threshold: 32]
[cat_l2: 10]
[cat_smooth: 10]
[max_cat_to_onehot: 4]
[top_k: 20]
[monotone_constraints: ]
[monotone_constraints_method: basic]
[monotone_penalty: 0]
[feature_contri: ]
[forcedsplits_filename: ]
[refit_decay_rate: 0.9]
[cegb_tradeoff: 1]
[cegb_penalty_split: 0]
[cegb_penalty_feature_lazy: ]
[cegb_penalty_feature_coupled: ]
[path_smooth: 0]
[interaction_constraints: ]
[verbosity: -1]
[saved_feature_importance_type: 0]
[use_quantized_grad: 0]
[num_grad_quant_bins: 4]
[quant_train_renew_leaf: 0]
[stochastic_rounding: 1]
[linear_tree: 0]
[max_bin: 255]
[max_bin_by_feature: ]
[min_data_in_bin: 3]
[bin_construct_sample_cnt: 200000]
[data_random_seed: 175]
[is_enable_sparse: 1]
[enable_bundle: 1]
[use_missing: 1]
[zero_as_missing: 0]
[feature_pre_filter: 1]
[pre_partition: 0]
[two_round: 0]
[header: 0]
[label_column: ]
[weight_column: ]
[group_column: ]
[ignore_column: ]
[categorical_feature: ]
[forcedbins_filename: ]
[precise_float_parser: 0]
[parser_config_file: ]
[objective_seed: 16083]
[num_class: 1]
[is_unbalance: 0]
[scale_pos_weight: 1]
[sigmoid: 1]
[boost_from_average: 1]
[reg_sqrt: 0]
[alpha: 0.9]
[fair_c: 1]
[poisson_max_delta_step: 0.7]
[tweedie_variance_power: 1.5]
[lambdarank_truncation_level: 30]
[lambdarank_norm: 1]
[label_gain: ]
[lambdarank_position_bias_regularization: 0]
[eval_at: ]
[multi_error_top_k: 1]
[auc_mu_weights: ]
[num_machines: 1]
[local_listen_port: 12400]
[time_out: 120]
[machine_list_filename: ]
[machines: ]
[gpu_platform_id: -1]
[gpu_device_id: -1]
[gpu_use_dp: 0]
[num_gpu: 1]

end of parameters

pandas_categorical:[]
