tree
version=v4
num_class=1
num_tree_per_iteration=1
label_index=0
max_feature_idx=13
objective=binary sigmoid:1
feature_names=step amount oldbalanceOrg newbalanceOrig oldbalanceDest newbalanceDest isFlaggedFraud amount_log same_account t_CASH_IN t_CASH_OUT t_DEBIT t_PAYMENT t_TRANSFER
feature_infos=[-1.7030415787355944:3.5101234806676631] [-0.29785451006878388:106.0755455215607] [-0.28871644941363411:12.957954480890933] [-0.29244170707595346:12.827980541766268] [-0.32381389524179222:55.606198725538711] [-0.3334114054691617:55.539156361172019] [-0.0015857785688573576:-0.0015857785688573576] [-5.9636349909818467:3.9333918994200583] none [0:1] [0:1] [0:1] [0:1] [0:1]
tree_sizes=6832 6855

Tree=0
num_leaves=64
num_cat=0
split_feature=1 2 0 1 2 13 5 1 2 3 2 1 0 5 10 13 5 4 0 10 2 3 2 1 0 2 1 4 1 2 4 7 1 0 10 2 3 2 1 2 1 2 1 2 1 1 2 2 7 1 2 7 2 1 7 2 2 4 4 0 2 1 5
split_gain=36701.9 748059 24827.4 53205.7 15332.5 12189.3 23422.6 11763.1 554716 342058 83683.8 84317 21699.3 13730.9 46905.1 7945.87 978064 354695 14648.2 6700.17 7077.24 9075.94 4796.32 20930.3 4137.54 3085.62 7785.13 4376.38 2029.32 2652.73 1859.42 1727.4 1539.84 1305.37 3128.31 12991.9 41297.8 87417.5 10707.5 7830.68 13099.3 6259.47 9436.88 5426.92 10807.9 5244.23 10899.7 4069.05 6448.78 3955.02 3149.1 4701.88 2886.3 5215.12 2231.27 7659.37 2173.1 1737.81 1564.43 1322.15 1297.59 14554.7 1124.99
threshold=4.2415612212870295 0.58601821091223483 3.3169131853393758 0.15587070597591138 -0.19493927867482128 1.0000000180025095e-35 -0.33239083696061517 0.85565601350344245 -0.042665512461479739 -0.29232386360422907 0.041322969990970675 1.3690406677307991 -1.6222445461437649 -0.10272480057373377 1.0000000180025095e-35 1.0000000180025095e-35 -0.33341107205677584 -0.32381384081689896 -1.5660379147755357 1.0000000180025095e-35 -0.27035768937526278 -0.29080139557904411 0.099703553736478503 1.6614627623152878 -1.6573736907489081 -0.059711870556184439 0.98533424271957137 -0.31066286116094777 -0.19377873256963046 -0.25302571294504644 -0.06934488529808451 -0.25366897518844272 -0.08912944292943005 1.1599837065835803 1.0000000180025095e-35 -0.24554116121379213 -0.29244107781137635 -0.17287056519587654 -0.044460196549584184 -0.21722487491610229 0.19708873639944965 -0.19846188634712772 0.13068827009496528 -0.13641523917456405 0.43579020442123267 0.04065377782557162 -0.23069570214979523 -0.23956267937840894 0.54231868599747746 0.0039902853263838094 -0.2065097599013872 0.83509995825986361 -0.18396144160191022 0.25670669961222037 0.64408322738548962 -0.23558380287666469 -0.2236354863331621 -0.2609980235663884 -0.18305959370613153 2.9023892789986854 -0.277766364512328 -0.24018731945659069 0.17975624130318518
decision_type=2 2 2 2 2 2 2 2 2 2 2 2 2 2 2 2 2 2 2 2 2 2 2 2 2 2 2 2 2 2 2 2 2 2 2 2 2 2 2 2 2 2 2 2 2 2 2 2 2 2 2 2 2 2 2 2 2 2 2 2 2 2 2
left_child=2 -2 7 5 -5 19 -7 15 25 10 11 13 30 -10 -15 33 17 18 24 -4 31 32 23 62 -17 -9 27 -27 -26 -30 -12 -21 -22 -1 -35 -36 37 38 47 45 41 42 50 44 59 46 54 48 -37 -48 51 58 -42 -54 55 -40 -51 -43 -41 -39 61 -20 -14
right_child=1 -3 3 4 -6 6 -8 8 9 -11 12 -13 22 14 -16 16 -18 -19 60 20 21 -23 -24 -25 28 26 -28 -29 29 -31 -32 -33 -34 34 35 36 -38 43 39 40 52 57 -44 -45 -46 -47 49 -49 -50 56 -52 -53 53 -55 -56 -57 -58 -59 -60 -61 -62 -63 -64
leaf_value=-6.691185365234313 -6.7013111824932077 31.934356769783843 -6.7013111824932077 -6.7013111824932059 32.086166859969374 32.086166859969033 -6.7013111824932068 -6.7007535586507947 30.688419903484334 -6.6402285399066523 10.753053936614386 -6.7013111824932077 31.101713102546558 -6.7013111824932068 31.5690004860699 30.239144096041446 -6.6992781588071457 -6.7013111824932077 31.584604643903152 4.3808254010673524 24.941105115304758 -6.7013111824932068 31.695557816238836 -6.7013111824932068 18.594870149546907 27.237732104660655 -6.7013111824932077 1.6102912551773967 -6.7013111824932059 14.631801740859874 -6.7013111824932068 -6.4510693886708683 12.138321009559743 -6.7013111824932077 -6.5617234642292805 20.234437458105386 -6.7013111824932077 25.340518504758414 -6.7013111824932068 20.44992344723024 -6.7013111824932077 28.073669131438042 -5.9332423103652365 29.016654209127228 -6.7013111824932059 -6.7013111824932077 26.339873816639678 25.880170373173758 -3.8281646608293358 -0.57697254420972932 23.220457593120297 -4.604690747765531 15.46296198462791 -6.7013111824932068 -6.4374507876465223 21.643384310074929 15.278259708235154 12.692427838737963 6.2278481649939819 13.535633883138885 31.809472788330762 -6.7013111824932041 22.076495107075257
leaf_weight=5653.8646435005357 25.555928182438951 1.3174354906659562 1.2439581687794987 0.030937819741666317 0.14437649212777603 0.067031942773610353 0.09281345922499884 179.33236120839138 0.28617483261041343 1.6371262946631748 0.025781516451388597 0.40476980828680098 0.25394793704617757 0.13664203719235979 0.19336137338541448 0.027070592273958027 344.31473035993986 0.87270433187950303 0.29906559083610773 0.045117653789930046 0.048984881257638335 0.055430260370485374 1.2800522918114436 0.045117653789930046 0.029648743919096887 0.030937819741666317 0.16886893275659531 0.036094123031943037 0.033515971386805177 0.025781516451389375 0.037383198854513355 0.19980675249826163 0.045117653789930046 225.90795975364745 108.89210195990745 0.046406729612499475 8.8495055219391343 0.11859497567638755 0.082500852644443512 0.051563032902777195 0.41379333904478699 0.037383198854513466 0.13019665807951242 0.17918153933714975 0.038672274677082896 1.5984540199860928 0.034805047209375828 0.032226895564236524 0.069610094418749213 0.048984881257638335 0.045117653789930046 0.047695805435068905 0.045117653789930046 0.064453791128471494 0.37898829183541238 0.033515971386805177 0.038672274677082896 0.036094123031943481 0.030937819741666317 0.029648743919096887 1.9877549184020602 0.027070592273958805 0.039961350499652326
leaf_count=4385983 19825 1022 965 24 112 52 72 139117 222 1270 20 314 197 106 150 21 267102 677 232 35 38 43 993 35 23 24 131 28 26 20 29 155 35 175248 84473 36 6865 92 64 40 321 29 101 139 30 1240 27 25 54 38 35 37 35 50 294 26 30 28 24 23 1542 21 31
internal_value=-6.65125 -4.80724 -6.65883 -1.05167 25.2413 -3.615 9.56441 -6.66052 -6.26631 11.3964 22.3199 11.0273 29.1734 22.6733 15.7227 -6.67194 -6.43953 20.6407 30.4606 -4.90079 0.77732 9.34868 30.295 25.0071 13.1234 -6.69324 -0.978569 13.4383 7.91426 2.57396 0.422919 -4.45572 18.8028 -6.68541 -6.59131 -6.38658 -4.85868 -0.369785 -2.96645 -3.59062 0.335846 7.41522 4.26393 22.799 16.8387 -5.18952 -1.27592 10.1628 5.79688 12.08 11.8368 7.892 -4.7906 2.42515 -4.58012 1.48716 6.41798 20.518 15.1166 22.9795 31.3299 28.4067 29.8746
internal_weight=6561.52 26.8734 6534.65 1.97358 0.175314 1.79826 0.159845 6532.67 183.909 4.34032 2.70319 1.02095 1.68224 0.616178 0.330003 6348.76 347.617 3.30261 2.42991 1.63842 0.394457 0.149533 1.61908 0.339027 0.116017 179.568 0.235901 0.0670319 0.0889462 0.0592975 0.0631647 0.244924 0.0941025 6001.15 347.282 121.374 12.4821 3.63262 3.26652 3.11827 0.902353 0.378988 0.305511 0.366098 0.186916 2.21592 0.617467 0.148244 0.116017 0.122462 0.175314 0.130197 0.523365 0.109571 0.495005 0.116017 0.0876572 0.0734773 0.0825009 0.148244 2.31389 0.326136 0.293909
internal_count=5090096 20847 5069249 1531 136 1395 124 5067718 142667 3367 2097 792 1305 478 256 4925051 269664 2562 1885 1271 306 116 1256 263 90 139300 183 52 69 46 49 190 73 4655387 269404 94156 9683 2818 2534 2419 700 294 237 284 145 1719 479 115 90 95 136 101 406 85 384 90 68 57 64 115 1795 253 228
is_linear=0
shrinkage=1


Tree=1
num_leaves=64
num_cat=0
split_feature=0 10 2 3 2 1 10 2 3 2 1 2 0 1 1 5 2 2 1 1 0 0 1 1 2 0 2 7 7 2 2 1 2 1 0 1 2 1 4 1 2 7 1 2 4 2 2 1 2 0 2 0 2 1 1 0 2 1 1 2 2 1 1
split_gain=1162.82 2007.93 9177.05 225208 219195 624.523 526.661 1165.31 1803.9 13457.3 10740.1 39002.6 25241.7 34510.5 153660 7226.48 6486.72 4603.61 5340.45 4349.56 4152.03 3583.22 3271.52 2485.32 9087.16 3138.46 2591.65 3974.78 2927.1 5878.49 2284.26 3700.86 2064.65 3489.16 1973.24 1752.23 4438.18 1684.8 1630.95 1549.16 1773.53 1443.89 1435.2 3118.73 3146.56 1200.22 1177.74 1424.61 2398.07 1096.09 1077.94 5049.42 7244.12 13193.3 6236.61 5659.68 3222.55 2808.38 1862.76 6413.42 1813.66 5198.63 1450.18
threshold=3.3169131853393758 1.0000000180025095e-35 -0.26984403097306742 -0.29023632795852622 -0.21950164880984255 -0.2451798327317827 1.0000000180025095e-35 -0.27035768937526278 -0.29244107781137635 -0.16776501908077276 0.85565601350344245 -0.10237750971253838 1.1599837065835803 0.51460665712540443 0.4590753074012765 -0.18814220279514704 -0.14379786732928454 -0.13641523917456405 0.41479929076690397 -0.19637953362124902 -1.5309087701703923 1.1599837065835803 0.30932147877948929 -0.10558244507975968 -0.25004171829745953 1.1599837065835803 -0.25964442150464989 0.33412003003322888 0.22798093701109423 -0.26705916088331777 -0.14379786732928454 0.4590753074012765 -0.090220413950788059 0.63571941494946238 0.64709819534848878 0.30932147877948929 -0.16172027376385237 0.36367448892183701 -0.22466199234699133 -0.20677366284928447 -0.26813749833530004 0.077998557454183173 0.58749390311380767 -0.12835267675647397 -0.16908915902682178 -0.13641523917456405 -0.25176041057925119 -0.12202734102215902 -0.25563513204359212 2.56514949078931 -0.20950966907168414 1.1599837065835803 -0.18396144160191022 0.30932147877948929 0.12497606797310652 2.4386845702107949 -0.2034948987314551 0.09746182631840912 0.27650565293702101 -0.17746065250591123 -0.19846188634712772 0.15587070597591138 0.25670669961222037
decision_type=2 2 2 2 2 2 2 2 2 2 2 2 2 2 2 2 2 2 2 2 2 2 2 2 2 2 2 2 2 2 2 2 2 2 2 2 2 2 2 2 2 2 2 2 2 2 2 2 2 2 2 2 2 2 2 2 2 2 2 2 2 2 2
left_child=6 -2 5 4 -4 -3 -1 -8 9 19 11 12 15 14 -14 17 -15 18 35 21 -13 39 -17 24 25 -21 28 -28 29 -27 -24 45 33 -22 -26 -11 -37 -38 -18 -9 -41 -23 43 -33 -45 -32 47 48 -29 -31 -25 54 -53 55 56 -54 57 -52 59 60 -56 -62 -61
right_child=1 2 3 -5 -6 -7 7 8 -10 10 -12 20 13 16 -16 22 38 -19 -20 23 32 41 30 50 34 26 27 46 -30 49 31 42 -34 -35 -36 36 37 -39 -40 40 -42 -43 -44 44 -46 -47 -48 -49 -50 -51 51 52 53 -55 58 -57 -58 -59 -60 62 61 -63 -64
leaf_value=-0.050975331036977267 -0.050061464725768036 -2.9610093645980418 -911.95260434669149 -0.05006146472591675 -0.046686598455882349 0.14253789261212255 -0.037855766234336057 14.627710644255888 -0.049817322865866903 24.519253140586631 -0.18243009925579018 3.0548513712535126 -642.71983988854208 -0.050061464725918242 -0.050061464576219905 16.876724208719409 -71.403946388123856 18.916096052206424 0.79673248871658064 0.36157029337799595 34.809648153420774 23.085519278051642 0.68920301811957696 0.0037317439891236658 11.251822914858273 0.7561695828832955 20.548067476970701 0.67390016901905248 0.30416898294503425 11.197964116217745 10.572010282857301 0.68382654458972425 33.586500432095924 10.040906663598143 26.938395277784906 -0.050062092234832746 27.397372925002937 12.792989052194784 -30.630297872923475 1.1940299462177613 12.181415188166079 8.4638264289957306 0.36392636956363628 24.456576316013262 6.3569021975033335 24.168262922975341 13.252893548860564 -0.050070672986226333 14.139757830317212 21.692408485301147 15.701694015218891 -1.9590779614042173 -97.839190320211401 -7.6347944248494208 0.019212292820116515 -34.96710521666278 17.1419587519107 2.7896075075385895 -0.050062079575141943 18.209786133519483 14.408639409383191 1.5744901533675262 7.9230490238837961
leaf_weight=4078.4261389707713 1.2900488879549636 0.41505692154169083 0.0013707446503419271 0.051503852941095808 0.0012690857375305033 0.26596599772182916 1830.9437849265523 0.027252091560512781 204.15536373364719 0.028490822995081544 1.4899997296256722 0.016103508649393916 0.0012448043714253895 0.017167950980365276 0.00367884664415334 0.038400674471628871 0.0049051288570371235 0.10281470906921075 0.17713859514333308 18.827479074010633 0.02725209156326458 0.032417587470263243 1.0145210449118174 170.23860728625166 0.061936571728465561 0.18604876287281513 0.043693270068614676 0.069063555914908648 0.98803168768063188 0.057787873316555993 0.047071794513612986 0.13626045780256391 0.1114858291248321 0.0297295544311513 0.029642296023666859 0.055742914555594325 0.030968285864219069 0.054504183121025562 0.004905128855035492 0.36170957889407873 0.040878137340796594 0.035236508119851351 0.24155262974090874 0.034684480167925358 0.078040080377832055 0.0247746286913747 0.033827047795057297 0.14517441345378757 0.063425714615732431 0.043693270068615675 0.050787988817319274 0.54983689574180816 0.0061356470808584815 0.052737432309608367 2.1653025476261973 0.0085917704308635379 0.066891497466655347 0.24650755547918379 5.3799432620871812 0.052026720251886149 0.082995006116107439 1.6004410134628413 0.10033724620006979
leaf_count=3298932 1178 34 65 42 88 165 1467786 22 164488 23 1381 13 93 14 25 31 26 83 143 15199 33 23 819 128653 50 132 31 49 701 41 38 110 144 30 22 45 25 44 18 292 33 25 195 28 63 20 24 103 45 31 41 407 41 51 1748 31 54 199 4344 42 67 1292 81
internal_value=-0.0406603 -1.23856 -3.3241 -23.1364 -473.558 -1.74895 -0.0402764 -0.020801 0.0554396 0.160049 3.11923 5.27553 3.33594 -40.8 -162.531 4.0178 -18.5835 9.62392 6.86946 0.104703 27.3107 4.77412 2.4572 0.0931544 0.614177 0.54383 2.64808 6.42545 1.59626 6.03625 2.10606 4.66202 29.6293 21.8868 16.3293 13.2081 10.9261 18.0844 -51.0171 3.09064 2.30967 15.4701 3.10974 5.77358 11.926 15.2604 4.44445 3.37133 7.12032 15.7164 0.0338695 0.528981 -3.85638 -19.3193 0.806767 -61.1605 7.22642 4.99542 0.557546 1.37455 0.976248 2.20723 11.4356
internal_weight=6320.97 2.02522 0.735167 0.0541437 0.00263983 0.681023 6318.95 2240.52 409.575 205.42 3.77144 2.28144 2.09687 0.0319019 0.00492365 2.06497 0.0269782 0.44966 0.346845 201.648 0.184571 0.497494 1.61531 201.151 20.5498 20.4582 1.63075 0.355184 1.27556 0.28753 1.57691 0.562384 0.168467 0.0569816 0.0915789 0.169706 0.141215 0.0854725 0.00981026 0.42984 0.402588 0.0676541 0.490538 0.248985 0.112725 0.0718464 0.311491 0.277664 0.132489 0.101481 180.601 10.3625 0.617302 0.0674648 9.74523 0.0147274 0.364187 0.297296 9.38105 4.0011 3.84874 1.68344 0.152364
internal_count=5090096 1572 394 195 153 199 5088524 1789592 321806 157318 3444 2063 1843 176 118 1667 58 363 280 153874 220 395 1304 153479 16428 16356 1157 252 905 204 1273 454 207 63 72 137 114 69 44 347 325 48 396 201 91 58 221 197 94 72 137051 8398 530 123 7868 72 294 240 7574 3230 3107 1359 123
is_linear=0
shrinkage=0.05


end of trees

feature_importances:
oldbalanceOrg=43
amount=37
step=15
oldbalanceDest=7
amount_log=7
newbalanceOrig=5
newbalanceDest=5
t_CASH_OUT=5
t_TRANSFER=2

parameters:
[boosting: gbdt]
[objective: binary]
[metric: auc]
[tree_learner: serial]
[device_type: cpu]
[data_sample_strategy: bagging]
[data: ]
[valid: ]
[num_iterations: 5000]
[learning_rate: 0.05]
[num_leaves: 64]
[num_threads: 0]
[seed: 42]
[deterministic: 0]
[force_col_wise: 0]
[force_row_wise: 0]
[histogram_pool_size: -1]
[max_depth: -1]
[min_data_in_leaf: 20]
[min_sum_hessian_in_leaf: 0.001]
[bagging_fraction: 1]
[pos_bagging_fraction: 1]
[neg_bagging_fraction: 1]
[bagging_freq: 0]
[bagging_seed: 400]
[bagging_by_query: 0]
[feature_fraction: 1]
[feature_fraction_bynode: 1]
[feature_fraction_seed: 30056]
[extra_trees: 0]
[extra_seed: 12879]
[early_stopping_round: 0]
[early_stopping_min_delta: 0]
[first_metric_only: 0]
[max_delta_step: 0]
[lambda_l1: 0]
[lambda_l2: 0]
[linear_lambda: 0]
[min_gain_to_split: 0]
[drop_rate: 0.1]
[max_drop: 50]
[skip_drop: 0.5]
[xgboost_dart_mode: 0]
[uniform_drop: 0]
[drop_seed: 17869]
[top_rate: 0.2]
[other_rate: 0.1]
[min_data_per_group: 100]
[max_cat_threshold: 32]
[cat_l2: 10]
[cat_smooth: 10]
[max_cat_to_onehot: 4]
[top_k: 20]
[monotone_constraints: ]
[monotone_constraints_method: basic]
[monotone_penalty: 0]
[feature_contri: ]
[forcedsplits_filename: ]
[refit_decay_rate: 0.9]
[cegb_tradeoff: 1]
[cegb_penalty_split: 0]
[cegb_penalty_feature_lazy: ]
[cegb_penalty_feature_coupled: ]
[path_smooth: 0]
[interaction_constraints: ]
[verbosity: -1]
[saved_feature_importance_type: 0]
[use_quantized_grad: 0]
[num_grad_quant_bins: 4]
[quant_train_renew_leaf: 0]
[stochastic_rounding: 1]
[linear_tree: 0]
[max_bin: 255]
[max_bin_by_feature: ]
[min_data_in_bin: 3]
[bin_construct_sample_cnt: 200000]
[data_random_seed: 175]
[is_enable_sparse: 1]
[enable_bundle: 1]
[use_missing: 1]
[zero_as_missing: 0]
[feature_pre_filter: 1]
[pre_partition: 0]
[two_round: 0]
[header: 0]
[label_column: ]
[weight_column: ]
[group_column: ]
[ignore_column: ]
[categorical_feature: ]
[forcedbins_filename: ]
[precise_float_parser: 0]
[parser_config_file: ]
[objective_seed: 16083]
[num_class: 1]
[is_unbalance: 0]
[scale_pos_weight: 1]
[sigmoid: 1]
[boost_from_average: 1]
[reg_sqrt: 0]
[alpha: 0.9]
[fair_c: 1]
[poisson_max_delta_step: 0.7]
[tweedie_variance_power: 1.5]
[lambdarank_truncation_level: 30]
[lambdarank_norm: 1]
[label_gain: ]
[lambdarank_position_bias_regularization: 0]
[eval_at: ]
[multi_error_top_k: 1]
[auc_mu_weights: ]
[num_machines: 1]
[local_listen_port: 12400]
[time_out: 120]
[machine_list_filename: ]
[machines: ]
[gpu_platform_id: -1]
[gpu_device_id: -1]
[gpu_use_dp: 0]
[num_gpu: 1]

end of parameters

pandas_categorical:[]
