tree
version=v4
num_class=1
num_tree_per_iteration=1
label_index=0
max_feature_idx=13
objective=binary sigmoid:1
feature_names=step amount oldbalanceOrg newbalanceOrig oldbalanceDest newbalanceDest isFlaggedFraud amount_log same_account t_CASH_IN t_CASH_OUT t_DEBIT t_PAYMENT t_TRANSFER
feature_infos=[-1.7030415787355944:3.5101234806676631] [-0.29785452662896345:114.5259867263469] [-0.28871644941363411:14.145959107950999] [-0.29244170707595346:13.877077941472812] [-0.32381389524179222:84.562775250753532] [-0.3334114054691617:81.970232932305976] [-0.0015857785688573576:-0.0015857785688573576] [-5.9690647213797812:3.9755209700171119] none [0:1] [0:1] [0:1] [0:1] [0:1]
tree_sizes=6825 6822

Tree=0
num_leaves=64
num_cat=0
split_feature=1 2 0 1 2 7 2 3 2 7 0 5 10 13 5 13 5 4 0 10 2 3 0 5 2 1 1 2 2 1 0 10 2 3 2 1 2 1 7 2 2 1 2 7 1 2 2 1 7 2 1 4 2 7 2 1 4 7 5 0 1 7 2
split_gain=37116.3 724416 25010.7 57113.9 16026.8 11927.8 587547 312418 82636.2 79361 23239.4 17547.3 48853.7 10964.6 23516.8 8390.78 1.01581e+06 358330 16832.8 5719.63 7027.88 8212.32 4938.78 4812.9 3545.57 19290.2 2096.12 3482.03 1724.81 4431.1 1365.4 3230.57 13381.3 38203.9 90468.3 13285 7684.71 14401.5 7820.62 10894.9 6919.61 9846.87 6796.56 13595.8 5381.43 9650.86 2551.33 5718.43 2313.08 2419.31 2080.17 1885.03 1761.16 4872.08 1725.73 4289.73 1667.5 1595.9 1527.63 1096.75 1083.54 1075.25 1834.75
threshold=4.4776525151955218 0.65420641141047187 3.3169131853393758 0.15709277271201205 -0.19433933077143145 1.4518948576205946 -0.040856980076287762 -0.2923260181514224 0.043686152835711471 1.6570083334956978 -1.5871154015386215 -0.10003988234396714 1.0000000180025095e-35 1.0000000180025095e-35 -0.33240095364500666 1.0000000180025095e-35 -0.33341004732401464 -0.32381360105318041 -1.5590120858545069 1.0000000180025095e-35 -0.27040133183338522 -0.29076324983397434 -1.6573736907489081 0.12752416450238199 0.10661481045150097 1.7169051093539784 -0.21302920446489917 -0.26653340862104929 -0.24245986864013172 -0.092476511916026252 1.1599837065835803 1.0000000180025095e-35 -0.25014681508405834 -0.2924415104307731 -0.17637096386004122 -0.085955527181075589 -0.21470008687071931 0.21411243546028877 0.78650484432026946 -0.23010918109706774 -0.13474642843931503 0.44007298151771718 -0.19794991409146992 0.89586868941204656 -0.019169730336802828 -0.23903208160879083 -0.235110790300501 -0.04478839446963908 0.69980087306843919 -0.2254243822089339 -0.10221421218359263 -0.06221125568756599 -0.15466858735583364 1.0997143415013577 -0.24245986864013172 -0.059030712000052513 -0.2694889011629471 0.75811953924815556 -0.26514173702180543 2.1295480976855337 -0.28018800279522366 0.41214730706567693 -0.28126641694517079
decision_type=2 2 2 2 2 2 2 2 2 2 2 2 2 2 2 2 2 2 2 2 2 2 2 2 2 2 2 2 2 2 2 2 2 2 2 2 2 2 2 2 2 2 2 2 2 2 2 2 2 2 2 2 2 2 2 2 2 2 2 2 2 2 2
left_child=2 -2 5 13 -5 15 -7 8 9 11 23 -8 -13 19 -15 30 17 18 22 -4 60 28 -17 -10 25 -12 -24 -28 29 -22 -1 -32 61 34 35 50 38 42 39 44 41 52 43 51 45 54 47 -47 -41 -50 -34 58 53 59 -37 -56 -44 -51 -38 -36 -21 62 -33
right_child=1 -3 3 4 -6 6 7 -9 10 -11 24 12 -14 14 -16 16 -18 -19 -20 20 21 -23 26 -25 -26 -27 27 -29 -30 -31 31 32 33 -35 40 36 37 -39 -40 48 -42 -43 56 -45 -46 46 -48 -49 49 57 -52 -53 -54 -55 55 -57 -58 -59 -60 -61 -62 -63 -64
leaf_value=-6.691488767757706 -6.7013111824932077 32.046828646944803 -6.7013111824932077 -6.7013111824932059 32.086166859969381 -6.697904788051539 30.606983375299297 -6.5965745181121198 21.967694327152365 -6.7013111824932077 30.178585972635265 -6.7013111824932068 31.805098178502273 32.086166859969012 -6.7013111824932068 30.534667738269942 -6.6990119414407303 -6.7013111824932077 31.473176743767187 4.9349322302451872 23.601406038180134 -6.7013111824932068 19.744696573730508 -2.2258329468244868 31.686295952315323 -6.7013111824932068 -6.7013111824932059 14.698676703002501 28.392121332114716 -2.8225633782470747 -6.7013111824932077 -6.5720940351114736 28.392121332114716 -6.7013111824932077 15.462961984627583 -6.0619571488262407 8.8136800344913198 -5.8420948967424513 -6.7013111824932077 22.030154034144907 28.876168677145092 -6.7013111824932068 27.081330983521948 -6.7013111824932077 -6.7013111824932077 22.030154034145088 22.112243934764244 -5.4892024936662729 -5.0148990936905316 19.618763203462972 11.20060176018162 6.9267216432366867 27.870136637962201 -1.1602428907130076 17.98162938998226 -6.7013111824932068 13.615939220701101 6.2278481649941755 23.135210388631592 28.003274434446499 -5.8581051380918456 -6.6982408525602963 -5.8286372247082401
leaf_weight=5655.4321597007802 23.655830419971611 1.2710287610534567 1.2336455621989433 0.032226895564235747 0.15340002288576204 176.1393203958869 0.30422189412638545 1.4321632388746355 0.029648743919096776 0.39058997423853725 0.31453450070694078 0.15340002288576238 0.17789246351458132 0.064453791128471494 0.099258838337845989 0.032226895564235747 347.94090064882766 0.87399340770207246 2.3654541344149038 0.025781516451388597 0.041250426322221756 0.054141184547915944 0.028359668096527457 0.067031942773610353 1.2504035478923468 0.039961350499652326 0.038672274677082896 0.037383198854514244 0.027070592273958027 0.025781516451388597 225.81514629442245 31.342589549953118 0.027070592273958027 9.5584972243523207 0.027070592273958027 0.23461179970763624 0.025781516451388597 0.40734795993193984 2.0006456766277552 0.034805047209374829 0.18691599427256633 0.039961350499652326 0.039961350499652326 0.14824371959548444 0.560747982817702 0.034805047209374607 0.045117653789930046 0.041250426322221756 0.029648743919096887 0.036094123031944036 0.050273957080207654 0.047695805435068905 0.059297487838193774 0.027070592273958027 0.028359668096527457 0.046406729612499475 0.054141184547916388 0.058008412015624344 0.067031942773610353 0.048984881257638335 0.2371899513527751 65.13957946607843 11.287147902417926
leaf_count=4387199 18351 986 957 25 119 136640 236 1111 23 303 244 119 138 50 77 25 269915 678 1835 20 32 42 22 52 970 31 30 29 21 20 175176 24314 21 7415 21 182 20 316 1552 27 145 31 31 115 435 27 35 32 23 28 39 37 46 21 22 36 42 45 52 38 184 50532 8756
internal_value=-6.65125 -4.72553 -6.65859 -1.05995 25.3522 -6.6603 -6.25927 12.3138 22.2427 11.0357 29.0008 21.9369 13.9753 -3.77082 8.56935 -6.67168 -6.43417 20.8602 30.4875 -4.99904 0.107776 8.81368 13.4243 5.19352 30.435 26.0212 8.14328 3.81733 17.7401 13.4383 -6.68558 -6.58938 -6.38177 -4.92555 -1.07435 -3.30414 -3.70692 0.701845 -4.81272 -1.52675 21.9398 15.5335 7.66442 3.86135 -3.47322 0.73102 12.6924 7.1044 10.6427 7.43996 17.2176 15.0054 21.004 17.056 -3.95386 2.66118 19.3341 11.3641 19.157 23.5398 -4.79996 -6.57048 -6.37525
internal_weight=6561.52 24.9269 6536.59 1.9942 0.185627 6534.6 180.299 4.15985 2.72768 1.0261 1.70158 0.635514 0.331292 1.80857 0.163713 6354.3 351.317 3.37609 2.5021 1.64486 0.411215 0.148244 0.136642 0.0966807 1.6049 0.354496 0.104415 0.0760555 0.0941025 0.0670319 6002.98 347.55 121.735 13.9658 4.40735 4.01805 3.9407 0.790203 3.1505 1.14986 0.389301 0.202385 0.382856 0.288753 0.991299 0.430551 0.121173 0.0760555 0.158556 0.123751 0.0773445 0.140509 0.162424 0.103126 0.309378 0.0747664 0.0941025 0.0941025 0.0928135 0.0760555 0.262971 107.769 42.6297
internal_count=5090096 19337 5070759 1547 144 5069212 139867 3227 2116 796 1320 493 257 1403 127 4929345 272534 2619 1941 1276 319 115 106 75 1245 275 81 59 73 52 4656811 269612 94436 10834 3419 3117 3057 613 2444 892 302 157 297 224 769 334 94 59 123 96 60 109 126 80 240 58 73 73 72 59 204 83602 33070
is_linear=0
shrinkage=1


Tree=1
num_leaves=64
num_cat=0
split_feature=10 2 3 2 0 2 1 5 2 7 1 2 7 0 0 7 7 1 2 4 1 1 2 1 2 7 7 2 7 2 1 2 2 7 5 2 7 0 7 2 7 4 0 1 4 1 2 7 2 4 7 2 1 1 4 7 2 2 1 2 1 7 2
split_gain=443.051 1011.68 7690.32 20577 17801.3 21922 8760.56 5773.62 4877.36 4349.95 3754.68 2789.79 4543.23 2744.83 2357.35 3423.42 6321.01 14071.3 26266 22723.6 2132.94 1937.62 6241.24 4243.89 2352.3 4164.23 3677.42 3331.96 1956.64 2488.66 1725.14 3241.47 1914.67 5318.23 1699.72 1667.79 3917.22 1636.78 1409.5 1171.81 1465.89 1074.52 918.78 863.172 816.018 810.245 2099.97 798.084 2052.23 1360.97 778.187 767.458 663.937 649.33 643.481 600.915 568.776 464.078 765.307 408.039 404.375 376.175 369.094
threshold=1.0000000180025095e-35 -0.20620175944207292 -0.2924415104307731 -0.14308090708835355 -1.5730637436965642 -0.09999652538438332 0.54918843568365705 -0.051410801314087463 -0.11093237844720372 0.88045986367998896 0.88374680609214951 -0.12645971240112933 1.2089700903935749 0.9000280365055201 1.1599837065835803 1.0093109792418964 0.99163321913348657 0.17735538622626482 -0.20327347514533248 0.4369684588132518 0.63812910324802741 0.39887908755599388 -0.17637096386004122 0.25857626937196798 -0.16126008213353768 1.1104939516186207 1.0891019642137225 -0.17144871606905174 1.0674863041883318 -0.16661111144932125 0.22221579503970321 -0.18350990748579907 -0.19794991409146992 0.9264750804504357 -0.21985721089439372 -0.087472441733010706 1.3240194620102181 2.4808395437369666 1.2470723174379605 -0.20327347514533248 0.86500456753383015 -0.24106454164654878 -0.28733705114832164 0.13261585844405685 -0.23987041683290358 0.77584633090542743 -0.059046055606120931 0.97507707107776398 -0.19021379414405384 -0.23618695771402223 1.2089700903935749 -0.14886617453456397 0.58935698956322902 0.44007298151771718 -0.18043007558550281 1.0474204068721378 -0.2006099262419247 -0.19433933077143145 0.17040433362624738 -0.13474642843931503 0.36605155366652514 0.88764330632165178 -0.27778696527597962
decision_type=2 2 2 2 2 2 2 2 2 2 2 2 2 2 2 2 2 2 2 2 2 2 2 2 2 2 2 2 2 2 2 2 2 2 2 2 2 2 2 2 2 2 2 2 2 2 2 2 2 2 2 2 2 2 2 2 2 2 2 2 2 2 2
left_child=-1 62 3 9 -5 6 7 11 13 39 35 12 42 -8 21 16 17 41 -19 -20 52 22 30 -24 26 -26 27 55 -29 -30 31 32 43 44 -27 36 -7 -12 -13 40 -3 -16 -6 56 -34 -37 -47 48 57 -50 -9 60 -10 -44 -31 -25 61 -35 -59 -14 -36 -11 -2
right_child=1 2 -4 4 5 10 8 50 20 14 37 38 59 -15 15 -17 -18 18 19 -21 -22 -23 23 24 25 34 -28 28 29 54 -32 -33 33 47 51 45 -38 -39 -40 -41 -42 -43 53 -45 -46 46 -48 -49 49 -51 -52 -53 -54 -55 -56 -57 -58 58 -60 -61 -62 -63 -64
leaf_value=-0.050826934965828789 -0.041650800336369476 13.113263673483445 -0.049524234981504406 0.69193741000773801 32.250812053543349 37.950966306537133 0.16252936115140482 12.373351051197261 25.450628024624518 5.7179511635318452 -3.7441827849978355 38.20097307271277 -0.050062013091858773 -16.630878350337358 -0.050057311517682973 -0.19786390927483102 2.5723250202452417 -0.050061464725915328 -216.14631632578264 -40.756001020569471 -0.050061998645450502 -0.050062060102390261 20.137984255926952 7.7145711301714677 25.790637228149428 15.579393149300646 -0.050062073427327353 20.655626469503005 -0.050062073427326409 20.137984255929538 0.080323586396294416 15.85567139818837 23.808538133994286 -0.050062073427327117 5.5838113208118667 35.937324852991523 10.417813800429116 40.585270782407378 21.820321445195784 16.816926713016088 0.89299292642511297 -13.047262261946967 26.867333018151516 0.036768233365607937 12.567466882420751 18.585057614374414 36.173099490844891 0.31043875388262654 20.137984255929425 6.1616444894517723 3.4392298846164602 10.820424411610984 13.408635474083505 12.373351050549532 9.5632933215044424 -0.050062073427327006 10.482831663628346 9.7380816014124303 1.543731057837721 8.7273493735051293 -0.050062073427326839 -0.050062073427326659 0.0090073986682278097
leaf_weight=4080.7816793344964 1671.7147852274354 0.045598341508773052 92.970310521893396 0.67005915612693168 0.024767131544649601 0.021052061815566472 0.23519294615834951 0.032197271011005765 0.023528774969443989 0.052010976243764162 0.013535019149400696 0.023528774970019616 0.024742982815951109 0.027139797343670446 0.029431994729617245 4.4627431885408821 0.076264108821795462 0.0085839754901826382 0.0037020433171802694 0.0036849510204319813 0.019790004356764257 3.4059921170119196 0.044580836780375388 0.032197271008044481 0.030958914430812001 0.038389053894206882 0.42351794941350818 0.048295906512066722 0.047057549934834242 0.032197271008044481 3.4512997807469219 0.040865767048669066 0.027243844699114561 0.14488771953620017 0.053249332820996642 0.056964402563626074 0.033435627587292252 0.002460912573317319 0.029720557855917658 0.038537695215669715 0.053138906941169115 0.034592527407781709 0.014860278934674644 1.1516716168262062 0.039627410471439473 0.032197271009495591 0.03588863986568077 0.27739187330007553 0.027243844699114561 0.048295906512066722 0.10030688275928566 0.032197271008044481 0.022290418392211641 0.01609863550634864 0.026005488121882081 0.11021373537369072 0.028482201276347152 0.040865767048671842 0.094115099869668484 0.028482201278362311 0.079254820942878723 0.061917828861624002 458.09519178386358
leaf_count=3300123 1343749 43 75115 136 20 28 190 33 27 42 1035 29 20 31 51 362 32 7 41 8 16 2751 36 26 25 31 342 39 38 26 2787 33 22 117 43 84 34 255 35 38 46 50 23 930 32 32 46 224 22 39 93 26 26 23 21 89 23 33 76 30 64 50 360198
internal_value=-0.0410209 -0.0231477 0.12535 1.13301 6.73459 11.6833 7.09685 13.3532 1.4746 0.563823 26.2881 19.6786 15.0943 -1.57484 0.480007 -0.452575 -7.72709 -17.5461 -59.5328 -128.654 13.6675 0.915557 1.42279 5.05957 4.3546 8.70877 2.93819 7.21426 12.3233 8.50017 0.761105 1.91591 1.63019 3.73743 6.10483 28.3562 21.0556 3.07573 29.0583 9.42256 6.5365 -7.07246 25.0728 0.490862 17.1472 31.5372 27.8559 2.32035 3.88907 11.2023 5.61014 3.89647 19.5924 19.3305 15.4131 1.70542 4.1631 1.91515 4.02459 4.64696 2.21402 2.58316 -0.0307549
internal_weight=6319.7 2238.91 109.105 16.1345 1.48824 0.818181 0.622647 0.294705 0.327942 14.6463 0.195534 0.162201 0.108951 0.262333 14.509 4.619 0.15626 0.0799955 0.015971 0.00738699 0.0656092 9.89003 6.48404 0.998115 0.953535 0.234049 0.719485 0.295967 0.153556 0.10526 5.48592 2.03462 1.99375 0.699671 0.20309 0.179538 0.0544877 0.0159959 0.0532493 0.137275 0.0987372 0.0640245 0.055726 1.29408 0.0668713 0.12505 0.0680859 0.6328 0.355408 0.0755398 0.132504 0.164701 0.0458192 0.0309589 0.0582028 0.142411 0.142411 0.279869 0.134981 0.0532252 0.132504 0.113929 2129.81
internal_count=5090096 1789973 86026 10911 2246 2110 596 306 290 8665 1514 180 116 221 8538 551 189 157 56 49 69 7987 5236 806 770 189 581 239 124 85 4430 1643 1610 565 164 224 62 1290 64 127 89 101 66 1045 54 162 78 511 287 61 126 133 53 46 47 115 115 226 109 50 107 92 1703947
is_linear=0
shrinkage=0.05


end of trees

feature_importances:
oldbalanceOrg=41
amount=26
amount_log=23
step=11
oldbalanceDest=8
newbalanceDest=7
newbalanceOrig=4
t_CASH_OUT=4
t_TRANSFER=2

parameters:
[boosting: gbdt]
[objective: binary]
[metric: auc]
[tree_learner: serial]
[device_type: cpu]
[data_sample_strategy: bagging]
[data: ]
[valid: ]
[num_iterations: 5000]
[learning_rate: 0.05]
[num_leaves: 64]
[num_threads: 0]
[seed: 42]
[deterministic: 0]
[force_col_wise: 0]
[force_row_wise: 0]
[histogram_pool_size: -1]
[max_depth: -1]
[min_data_in_leaf: 20]
[min_sum_hessian_in_leaf: 0.001]
[bagging_fraction: 1]
[pos_bagging_fraction: 1]
[neg_bagging_fraction: 1]
[bagging_freq: 0]
[bagging_seed: 400]
[bagging_by_query: 0]
[feature_fraction: 1]
[feature_fraction_bynode: 1]
[feature_fraction_seed: 30056]
[extra_trees: 0]
[extra_seed: 12879]
[early_stopping_round: 0]
[early_stopping_min_delta: 0]
[first_metric_only: 0]
[max_delta_step: 0]
[lambda_l1: 0]
[lambda_l2: 0]
[linear_lambda: 0]
[min_gain_to_split: 0]
[drop_rate: 0.1]
[max_drop: 50]
[skip_drop: 0.5]
[xgboost_dart_mode: 0]
[uniform_drop: 0]
[drop_seed: 17869]
[top_rate: 0.2]
[other_rate: 0.1]
[min_data_per_group: 100]
[max_cat_threshold: 32]
[cat_l2: 10]
[cat_smooth: 10]
[max_cat_to_onehot: 4]
[top_k: 20]
[monotone_constraints: ]
[monotone_constraints_method: basic]
[monotone_penalty: 0]
[feature_contri: ]
[forcedsplits_filename: ]
[refit_decay_rate: 0.9]
[cegb_tradeoff: 1]
[cegb_penalty_split: 0]
[cegb_penalty_feature_lazy: ]
[cegb_penalty_feature_coupled: ]
[path_smooth: 0]
[interaction_constraints: ]
[verbosity: -1]
[saved_feature_importance_type: 0]
[use_quantized_grad: 0]
[num_grad_quant_bins: 4]
[quant_train_renew_leaf: 0]
[stochastic_rounding: 1]
[linear_tree: 0]
[max_bin: 255]
[max_bin_by_feature: ]
[min_data_in_bin: 3]
[bin_construct_sample_cnt: 200000]
[data_random_seed: 175]
[is_enable_sparse: 1]
[enable_bundle: 1]
[use_missing: 1]
[zero_as_missing: 0]
[feature_pre_filter: 1]
[pre_partition: 0]
[two_round: 0]
[header: 0]
[label_column: ]
[weight_column: ]
[group_column: ]
[ignore_column: ]
[categorical_feature: ]
[forcedbins_filename: ]
[precise_float_parser: 0]
[parser_config_file: ]
[objective_seed: 16083]
[num_class: 1]
[is_unbalance: 0]
[scale_pos_weight: 1]
[sigmoid: 1]
[boost_from_average: 1]
[reg_sqrt: 0]
[alpha: 0.9]
[fair_c: 1]
[poisson_max_delta_step: 0.7]
[tweedie_variance_power: 1.5]
[lambdarank_truncation_level: 30]
[lambdarank_norm: 1]
[label_gain: ]
[lambdarank_position_bias_regularization: 0]
[eval_at: ]
[multi_error_top_k: 1]
[auc_mu_weights: ]
[num_machines: 1]
[local_listen_port: 12400]
[time_out: 120]
[machine_list_filename: ]
[machines: ]
[gpu_platform_id: -1]
[gpu_device_id: -1]
[gpu_use_dp: 0]
[num_gpu: 1]

end of parameters

pandas_categorical:[]
