tree
version=v4
num_class=1
num_tree_per_iteration=1
label_index=0
max_feature_idx=13
objective=binary sigmoid:1
feature_names=step amount oldbalanceOrg newbalanceOrig oldbalanceDest newbalanceDest isFlaggedFraud amount_log same_account t_CASH_IN t_CASH_OUT t_DEBIT t_PAYMENT t_TRANSFER
feature_infos=[-1.7030415787355944:3.5101234806676631] [-0.2978539801430356:69.559290192215784] [-0.28871644941363411:12.227491498854153] [-0.29244170707595346:12.082428373560802] [-0.32381389524179222:104.22535670584786] [-0.3334114054691617:96.338635375498342] [-0.0015857785688573576:-0.0015857785688573576] [-5.813254398937465:3.7016470608215477] none [0:1] [0:1] [0:1] [0:1] [0:1]
tree_sizes=6838 6885 6892 6972 7035 6966 6945 7011

Tree=0
num_leaves=64
num_cat=0
split_feature=1 2 0 1 13 5 7 2 3 2 1 0 5 10 13 5 4 0 2 10 2 3 4 1 2 2 1 7 2 1 0 10 2 3 2 1 2 1 2 7 2 1 2 1 2 3 1 7 2 1 2 2 1 2 7 7 2 1 2 1 2 2 4
split_gain=36969.1 732963 23806.6 56183.5 13321.4 24471.5 11725.6 583001 325620 77446.1 82298.3 19632.2 16871.5 50274.4 8485.71 1.01772e+06 364448 13026.9 7307.02 6140.02 6882.86 8028.25 5171.91 4905.13 5094.01 2793.91 15815.3 1370.17 1355.65 15328.7 1298.88 3100.19 12808.4 77826.1 55763.4 13737.2 5065.04 11146.4 5027.67 10483.5 4465.06 5719.5 3939.3 5252.86 2484.67 2298.95 10322.5 4208.58 12834 5758.24 7948.23 3552.93 4954.77 3185.95 10131.1 2769.37 4792.43 2655.48 5091.65 4348.62 2885.36 2148.8 1666.05
threshold=4.4092181938692407 0.66587867079641649 3.3169131853393758 0.19418901582536716 1.0000000180025095e-35 -0.33222312780883273 1.44571753437382 -0.042282859335699176 -0.29232435094228471 0.04481043345295007 1.4103580675122247 -1.5871154015386215 -0.10254711082424793 1.0000000180025095e-35 1.0000000180025095e-35 -0.3334110067351656 -0.32381324949778933 -1.5660379147755357 -0.18278774858157013 1.0000000180025095e-35 -0.27022592585225308 -0.29022408978847675 -0.070187500319904311 -0.21646265962855046 -0.2686914684503014 0.10916007981072949 1.7180172164973166 -0.13251523952073377 -0.2776803260288418 -0.24117123424939049 1.1599837065835803 1.0000000180025095e-35 -0.21726704415995016 -0.29244136337437737 -0.17376345422723569 0.12963752669725695 -0.19936705793463042 0.25164268776146331 -0.13751662351448699 1.1776473841269488 -0.18278774858157013 0.19418901582536716 -0.2101318086716496 0.081777448345561568 -0.26930412477436066 -0.29244136337437737 -0.17239043256474057 0.69922745739627767 -0.23942895445496085 -0.030354682663118259 -0.23216840919549037 -0.26565207679121439 -0.18992532781066809 -0.25021373467395053 0.53810989143953136 0.46846771808026649 -0.24554798197083311 -0.11338096487249148 -0.26027579682512642 -0.1515227266468808 -0.25220272109294756 -0.19268728975025753 -0.19373914190481559
decision_type=2 2 2 2 2 2 2 2 2 2 2 2 2 2 2 2 2 2 2 2 2 2 2 2 2 2 2 2 2 2 2 2 2 2 2 2 2 2 2 2 2 2 2 2 2 2 2 2 2 2 2 2 2 2 2 2 2 2 2 2 2 2 2
left_child=2 -2 6 4 19 -6 14 -8 9 10 12 22 -9 -14 30 16 17 23 -5 -4 27 -22 -11 -16 -25 26 -13 -21 29 -19 -1 -32 44 34 35 42 -37 40 39 -36 41 61 43 -34 -33 46 51 48 53 62 -51 52 -46 57 55 -55 -57 58 -48 -60 -61 -38 -50
right_child=1 -3 3 18 5 -7 7 8 -10 11 -12 25 13 -15 15 -17 -18 28 -20 20 21 -23 -24 24 -26 -27 -28 -29 -30 -31 31 32 33 -35 38 36 37 -39 -40 -41 -42 -43 -44 -45 45 -47 47 -49 49 50 -52 -53 -54 54 -56 56 -58 -59 59 60 -62 -63 -64
leaf_value=-6.6912561949618663 -6.7011588031137483 31.964196977707946 -6.7011588031137483 2.9942372731891131 32.080425502098642 -6.7011588031137475 -6.6980715666097614 30.958644137898698 -6.6002526861010518 17.650068551321848 -6.7011588031137475 30.201141681141625 -6.7011588031137475 31.339376120470728 27.350964001462824 -6.6995679476887071 -6.7011588031137483 31.620564818638048 32.080425502098926 2.0049111429543247 18.22985967880858 -6.7011588031137475 -5.5259592787133798 -6.7011588031137466 18.45446344891533 31.754529835668801 -6.7011588031137466 -6.449330333599379 31.907072315549694 -6.7011588031137448 -6.7011588031137483 -6.6160518798734564 15.921432041593434 -6.7011588031137483 23.423821862542521 -6.7011588031137475 7.8419353113406371 -6.7011588031137475 29.117943367673053 -6.7011588031137466 27.605627313035132 -4.1719250440781632 21.692501134631048 -6.7011588031137466 12.689633349492397 -6.7011588031137483 -5.9610522324035786 -6.526431206407894 25.393945449475414 -5.8296625265921165 18.454463448915799 15.577623670093033 -5.6669832216414129 23.649646305312864 -6.0880112251657188 -1.5790627628026792 20.445950210534612 -6.7011588031137483 20.999972843465905 -1.7503182535121171 15.459746514149337 26.114027916680836 10.926834062891722
leaf_weight=5655.0759471207857 24.381418055854741 1.2905610213056196 1.2750897603109472 0.025785434991121292 0.070909946225583553 0.09540610946714867 178.15285962540656 0.31200376339256763 1.4865303272381414 0.055438685230910778 0.37904589436948299 0.29266468714922655 0.15213406644761585 0.20241566468030214 0.052860141731798649 345.72595527395606 0.88959750719368358 0.32618575263768435 0.13279499020427454 0.063174315728247166 0.090249022468924522 0.050281598232686409 0.042545967735350021 0.034810337238013744 0.047703054733575168 1.2273867055773733 0.032231793738901615 0.19854784943163395 2.0189995598047967 0.028363978490234198 226.50828586425632 97.524382951669395 0.061885043978691101 6.1781902238726607 0.14439843595027924 0.38936006836593151 0.030942521989345551 0.18436586018651724 0.18565513193607308 0.036099608987569809 0.03352106548845768 0.059306500479578972 0.072199217975139618 0.043835239484906197 0.059306500479578972 6.4295982150360933 0.67557839676737785 6.2955139530822635 0.037388880737125874 0.11474518571048975 0.047703054733574279 0.060595772229135814 0.096695381216704845 0.029653250239789375 0.32618575263768435 0.068331402726471424 0.038678152486681938 2.2020761482417588 0.027074706740677357 0.24238308891654015 0.027074706740678134 0.03352106548845768 0.042545967735350132
leaf_count=4386256 18911 1001 989 20 55 74 138181 242 1153 43 294 227 118 157 41 268156 690 253 103 49 70 39 33 27 37 952 25 154 1566 22 175687 75643 48 4792 112 302 24 143 144 28 26 46 56 34 46 4987 524 4883 29 89 37 47 75 23 253 53 30 1708 21 188 21 26 33
internal_value=-6.65109 -4.75741 -6.65853 -1.20731 -3.66372 9.83363 -6.6602 -6.26487 12.1875 22.5473 11.9006 29.293 22.4788 15.0165 -6.67155 -6.43191 20.7961 30.5459 27.351 -5.00204 0.383938 9.30959 7.58679 15.4597 7.84194 30.6632 26.5402 -4.40865 31.4063 28.5548 -6.68548 -6.59177 -6.38835 -4.38003 6.86651 0.230018 -2.80248 1.64054 23.3409 17.3988 11.4181 7.03399 12.6896 6.54133 -6.51925 -5.95805 -5.49826 -5.72818 -4.43278 6.70737 1.30139 5.30266 1.31157 -5.17519 -1.29982 10.1286 6.38179 -5.74028 -3.56366 1.89824 -0.0210773 17.3434 17.6937
internal_weight=6562.52 25.672 6536.84 2.00224 1.84366 0.166316 6534.84 182.335 4.1824 2.69587 1.0456 1.65027 0.666553 0.35455 6352.51 349.124 3.39852 2.50892 0.15858 1.67734 0.402253 0.140531 0.0979847 0.135374 0.0825134 1.55228 0.324896 0.261722 2.37355 0.35455 6003.38 348.307 121.799 7.45328 1.27509 0.908937 0.731017 0.341657 0.366153 0.180498 0.157291 0.12377 0.17792 0.10572 114.346 16.8211 10.3915 10.1749 3.87942 0.242383 0.162448 0.216598 0.156002 3.63704 0.462849 0.136663 0.10701 3.17419 0.972111 0.296533 0.269458 0.0644636 0.0799348
internal_count=5090096 19912 5070184 1553 1430 129 5068631 141425 3244 2091 811 1280 517 275 4927206 270792 2636 1946 123 1301 312 109 76 105 64 1204 252 203 1841 275 4656414 270158 94471 5781 989 705 567 265 284 140 122 96 138 82 88690 13047 8060 7892 3009 188 126 168 121 2821 359 106 83 2462 754 230 209 50 62
is_linear=0
shrinkage=1


Tree=1
num_leaves=64
num_cat=0
split_feature=0 7 2 7 3 1 2 4 2 10 2 3 2 2 1 0 1 4 2 1 7 0 2 7 0 5 1 0 2 1 2 7 5 1 2 0 7 2 1 7 1 2 7 7 2 1 1 5 2 2 1 2 5 0 4 2 1 5 5 2 1 2 1
split_gain=562.073 650.329 645.949 6018.62 26365.7 22854.5 52603.4 58676.8 5992.52 400.092 970.682 4762.34 40468 9409.35 9571.22 9095.69 5659.99 5440.7 4255.81 6537.16 4056.51 3192.98 8502.94 17373.9 11008.1 27830.5 58705 2856.19 2506.07 7528.82 4144.5 3704.64 2589.14 2354.3 4781.92 2304.8 1990.41 1989.86 28067.6 17295.5 57405.2 10808.3 16855 2559.94 9423.81 7400.85 1961.11 1769.43 2305.66 1564.4 1539.98 5348.83 3212.64 1463.12 1425.36 1413.79 3024.65 1641.26 1209.19 1140.52 1039.36 3225.25 2685.62
threshold=3.3169131853393758 0.1379772463155465 -0.2697301624159289 0.92969096677661323 -0.27308857924997759 -0.086512984227968562 -0.26157416428216079 0.11386387482563642 -0.25441721662766542 1.0000000180025095e-35 -0.23527686534750855 -0.29244136337437737 -0.10302123856657941 -0.14507031071609347 0.58815366067038288 -1.3833663628287907 0.87112663267758828 -0.21517462584617172 -0.12883501334213579 0.46247073211240081 0.62629229624349436 1.6588175599766142 -0.17856143613449074 1.1776473841269488 2.5686624052498246 -0.22852596286381535 0.27070280039185163 3.0920866598664589 -0.17856143613449074 0.30305805451836926 -0.16822067854308406 1.0303916601275864 -0.099744880425893481 -0.0037590672930178553 -0.23017673082796572 0.9000280365055201 1.1933533826867053 -0.21726704415995016 0.12963752669725695 0.84011691695109347 0.086457528991709137 -0.21295455127454263 0.86196471477982384 0.96968638657371586 -0.20163907807232134 0.15993697528387518 0.5165540845696962 -0.054461400805113032 -0.060932623337793902 -0.11266520735386755 0.3671547265929514 -0.16246955469868044 -0.17207946368950469 -0.86345502267267082 -0.30569522315247361 -0.17376345422723569 0.28119268885861443 -0.096916971830366253 -0.17778230155302269 -0.12883501334213579 0.22531038752761598 -0.19628621892400164 0.15993697528387518
decision_type=2 2 2 2 2 2 2 2 2 2 2 2 2 2 2 2 2 2 2 2 2 2 2 2 2 2 2 2 2 2 2 2 2 2 2 2 2 2 2 2 2 2 2 2 2 2 2 2 2 2 2 2 2 2 2 2 2 2 2 2 2 2 2
left_child=9 -2 -3 4 5 8 -7 -8 -4 -1 -11 12 13 20 17 -14 47 18 19 54 -12 28 37 24 25 -24 -27 -26 33 30 31 32 -30 34 -22 -16 -19 -23 39 40 -39 -41 -43 44 -40 -46 -20 -17 -49 -48 51 -31 -53 -18 -15 -33 57 -57 -32 -38 61 -35 -63
right_child=1 2 3 -5 -6 6 7 -9 -10 10 11 -13 15 14 35 16 53 36 46 -21 21 22 23 -25 27 26 -28 -29 29 50 58 55 -34 60 -36 -37 59 38 43 41 -42 42 -44 -45 45 -47 49 48 -50 -51 -52 52 -54 -55 -56 56 -58 -59 -60 -61 -62 62 -64
leaf_value=-0.050699964065666882 -0.25733837972917456 -0.63581505976548469 -71.390284203342731 -0.43567681252171325 -0.050061474369228191 -27.228183944600552 -570.63109363198896 -81.580939681559471 -0.05005982876661718 -0.03382418529086572 15.200074442174817 -0.049685937207766602 -1.484114248896119 16.653410877622843 0.13610506216091001 34.322499557301533 40.592033464041776 17.028168247301405 35.270823779707705 1.2115919049276098 1.6264295323686353 0.43347056701399167 -27.228360063160757 -0.050061487474378136 -8.2035504972032225 -0.050061452281185505 -489.25855222465202 -54.406654709289377 30.224982942619938 0.32838760251458848 29.693841633762187 0.32370390081346001 7.6388382381324877 0.38006928115517413 13.966154921303588 -15.471663415102581 0.99408194934734695 -257.91938684156872 -0.050061474369226255 -0.050061474369223924 -8.2035499120630249 -8.2035488908634235 -132.54395366268315 -0.10640738558668109 -12.719013030097324 -66.988355486074823 12.370469206977766 18.72515962435612 40.316664617569117 30.224982941115446 0.074076153022518257 23.917681693494316 6.7724832616264594 -0.050061663747223886 32.243318841368506 21.394761404125585 -0.96748770392910033 5.4544915281496387 14.900577434308268 8.132382509096999 -0.050064321473156495 14.96924086358149 2.956943962671108
leaf_weight=4075.4560388808804 6.2844725836482942 0.85149821417871874 0.0049060680142484232 0.4099421730421004 0.063776366878301738 0.003679429986297761 0.0012268195644455256 0.0012265291059554428 0.0073589325872710186 2085.7341537823768 0.045901699464677814 132.93742999760332 0.03486658895299044 0.035920673154126843 0.26857591466978192 0.091642863128009705 0.0024605030228337091 0.032204741482713878 0.029727453368181944 0.0792610336798108 0.65613181774779239 1.1374355186284739 0.0036794061865005907 0.035575155052356422 0.0061323440499120542 0.0012264688645385437 0.0012264709446975844 0.0073588129072688193 0.0247728778059607 0.39635386958252639 0.023534234049024536 0.13377354014664888 0.026011521695181741 15.576584517211135 0.089182408436839 0.025937643369605468 0.14365834067756483 0.0036840346864436824 0.084626332973130047 0.017170560313388705 0.0061323444865594712 0.0061323452453055372 0.0049058865151902498 0.89415763785784064 0.015749409212730801 0.010450935597162727 0.032204741147997963 0.053261687286261856 0.016102370574539691 0.019818302245756501 1.6111072631499193 0.039636604823736765 0.087943716341855716 0.022144527197291181 0.024772878141906089 0.039636604622232285 0.054500331238025002 0.027250165719764741 0.033443385036650522 0.09165964788052014 14.434914727695284 0.04993835493224219 0.68172358678427214
leaf_count=3298334 1009 260 32 164 52 5 48 6 25 1651639 48 107383 96 39 217 122 151 33 34 66 531 773 11 29 27 7 36 27 21 320 21 108 21 12561 77 29 124 49 69 14 9 11 36 338 21 34 33 68 19 24 1303 37 73 1066 30 34 45 24 27 84 11616 41 505
internal_value=-0.0418654 -0.470806 -1.46925 -2.91134 -15.2617 -67.993 -146.802 -326.135 -28.5865 -0.0413486 -0.0244549 0.0903557 0.589837 0.462747 5.88302 21.9475 26.3491 10.1701 15.9622 10.6677 0.345616 0.326792 -1.50355 -20.8839 -58.6533 -114.199 -244.655 -33.4052 0.447193 1.97158 8.62947 6.32363 18.6565 0.326264 3.10297 -1.23846 5.37004 -1.01293 -2.59029 -44.7573 -101.921 -24.865 -63.466 -0.994831 -8.1627 -34.3663 25.0262 29.7623 23.7375 19.1722 0.83985 3.19462 12.0991 4.01415 23.0166 3.86904 7.77614 14.9006 21.0108 3.77455 0.258948 0.532463 3.77682
internal_weight=6339.03 7.62809 1.34361 0.492116 0.0821741 0.0183978 0.00613278 0.00245335 0.012265 6331.4 2255.94 170.21 37.2722 37.0517 0.783741 0.220479 0.185612 0.489228 0.221705 0.139955 36.268 36.2221 2.23564 0.0551987 0.0196235 0.00613235 0.00245294 0.0134912 33.9864 2.49796 0.362923 0.305945 0.0507844 31.4885 0.745314 0.294514 0.267523 2.18045 1.04301 0.0380252 0.00981638 0.0282088 0.0110382 1.00498 0.110827 0.0262003 0.0817505 0.161007 0.0693641 0.052023 2.13504 0.523934 0.12758 0.024605 0.0606936 0.255161 0.121387 0.0668868 0.0569776 0.235318 30.7432 16.3082 0.731662
internal_count=5090096 1601 592 332 168 116 59 54 57 5088495 1790161 138522 31139 29617 713 1522 1426 467 226 135 28904 28856 1491 137 108 54 43 54 27365 2034 301 253 42 25331 608 246 241 1354 581 119 58 61 47 462 124 55 91 209 87 57 1733 430 110 1217 69 211 103 58 48 208 24723 13107 546
is_linear=0
shrinkage=0.05


Tree=2
num_leaves=64
num_cat=0
split_feature=10 2 1 0 3 2 3 7 0 0 3 4 7 2 0 5 5 2 0 4 1 1 0 2 2 3 1 0 2 0 2 1 2 0 2 1 4 2 7 0 2 7 2 1 2 7 1 1 2 0 2 3 7 1 4 2 0 5 4 0 2 1 3
split_gain=146.819 421.253 3359.67 12532.6 170279 1420.26 20739 92505.9 246100 1570.39 508.367 4853.27 5531.73 3023.67 2298.38 487.183 541.167 293.496 302.008 677.211 621.2 299.559 1053.9 3360.4 556.706 1055.81 2657.27 3948.18 2204.19 4938.94 791.486 742.216 1630.17 2354.39 3840.69 2182.95 1469.34 1024.62 739.35 620.316 554.835 2377.91 1514.36 544.046 706.128 534.729 495.651 328.159 1991.49 284.169 1941.16 4424.12 19624.3 15036.7 4977.28 3562.82 11546.8 6762.55 765.24 283.72 914.456 2328.61 133612
threshold=1.0000000180025095e-35 -0.14507031071609347 0.63428418558112687 0.92110552326860606 -0.28037693703652311 -0.10302123856657941 -0.29095031411913636 1.44571753437382 -1.4536246520390772 -1.6081928883017074 -0.29244136337437737 -0.29759772868379591 1.2270428461688982 -0.12883501334213579 -0.58242186583152489 -0.1958367836514544 -0.18702224337396536 -0.28127680388482706 -1.6573736907489081 -0.31347711502033487 -0.14495692178575365 -0.26185972590326284 -1.6573736907489081 -0.2886622642117605 -0.28819727554648128 -0.29244136337437737 -0.28979049747617708 1.2899615416226105 -0.28261862337275684 1.1389062198204944 -0.28744820408160293 -0.28201431736577015 -0.28661499840550869 3.3169131853393758 -0.28588108321674544 -0.28436671572289501 -0.22059212972504302 -0.2863400907359393 -0.50982740708868091 -0.40677614280580865 -0.28445866973286599 -0.6981403439650834 -0.28414210524180511 -0.29226202976558119 -0.28783996482230539 -0.74888149104032398 -0.29403402694693165 -0.26980674910685282 -0.28315814179238313 2.4808395437369666 -0.21726704415995016 -0.29244136337437737 0.96968638657371586 0.1352279618182749 -0.31953832564589574 -0.18278774858157013 3.1131641466295448 -0.16001288160096769 -0.14855324502252332 3.3169131853393758 -0.26565207679121439 0.17325963151846455 -0.27451094119870489
decision_type=2 2 2 2 2 2 2 2 2 2 2 2 2 2 2 2 2 2 2 2 2 2 2 2 2 2 2 2 2 2 2 2 2 2 2 2 2 2 2 2 2 2 2 2 2 2 2 2 2 2 2 2 2 2 2 2 2 2 2 2 2 2 2
left_child=59 17 10 5 -5 -4 7 8 -7 -9 11 12 14 -14 -3 -15 -17 21 19 20 -19 22 23 -2 -24 26 27 30 31 38 43 32 -28 34 35 36 37 -34 39 -30 -33 42 45 44 46 -42 -26 48 -43 -20 -51 52 53 54 -52 -54 -57 -58 -55 -1 -61 62 -62
right_child=1 2 3 4 -6 6 -8 9 -10 -11 -12 -13 13 15 -16 16 -18 18 49 -21 -22 -23 24 -25 25 -27 28 -29 29 -31 -32 40 33 -35 -36 -37 -38 -39 -40 -41 41 47 -44 -45 -46 -47 -48 -49 -50 50 51 -53 55 58 -56 56 57 -59 -60 60 61 -63 -64
leaf_value=-0.050729994343566377 -0.05006002322187534 -15.836249363471929 -0.050071063116180418 -616.3012676338717 -0.05005935045759613 -0.050014073802571481 -0.050059963032562139 -43.539058339544766 -754.35797112818807 -0.050056728863737521 -0.050059048289183262 -0.27190699333750173 -0.050201875866111502 -7.3178889407939112 -41.530973495166833 -20.211109041527067 -8.8343669847818891 12.49523770438935 -0.01042716558960252 0.35440487716980179 2.3705588517605789 -0.049647743691803345 -0.034009235820780859 18.506387676553853 7.9791721545654433 -0.067256370350252989 0.26610317394292221 19.317181223070065 10.686170431648112 22.359048420164466 10.028010710277011 0.0012081832946475605 9.6847217866340536 0.058709811947529958 21.820135803504165 0.31128713450253603 2.4003258089743791 22.64830421307839 1.1097179580140941 2.9322262142420366 9.8470592123208611 0.73698147536467928 18.728636959574281 -0.05006002322187552 11.879084926633476 1.1375673716326993 0.56323740091542096 0.049406202807019517 14.972897422799228 0.044114253254673087 35.518972950580711 -0.050058462727455323 0.10857391921448344 20.567443995147713 82.392765705999636 1.4740631572303859 107.08778843590171 21.674414131809879 8.7689562018476632 -0.26402711503109039 228.45758474110576 -0.32045824091351799 -0.050049000440069547
leaf_weight=3874.4555315335028 0.099396416451781988 0.025335550203446335 0.22675624130150496 0.0012170280420909238 0.014199029072187869 0.003376124775968492 0.20554467779584454 0.0022994277206441682 0.0015908377452386975 0.021345481414523245 40.417914084508595 12.01692854611548 0.14768253173679113 0.027144188066409461 0.013257107469915395 0.027145372990024633 0.0169984866443538 0.023913342040032148 661.85662561695403 0.24724006082385486 0.04134030977729708 1396.2415446352684 84.72605676529929 0.032333774026482298 0.031136226840317249 14.759363980032047 1.2651677797548471 0.041306853294372559 0.041914151515811682 0.033468526322394609 0.034728868398814394 9.1423079543746972 0.041089772246778011 0.25268962979316711 0.036579459439960327 0.13837097026407719 0.040809896308928728 0.024230819661170244 0.30178189091384666 0.067062642425298691 0.030311847571283579 0.3176451288163662 0.026625914033502229 0.14969339827075601 0.025148490909487009 0.042100735474377871 0.081526500638574362 1.005362835247072 0.026625914033502229 20.510869502295677 0.0098399564191140564 1.0030979150906039 0.40198849467560649 0.02667612922766472 0.013342555976237128 0.03279129569435249 0.0046668849004833811 0.0046031038523915825 0.028347015343223252 1.1763582719725065 0.0065643319395565216 0.40093738620787917 0.25109169562341932
leaf_count=3298334 83 18 163 756 12 12 172 24 101 666 34307 380 39 27 49 24 38 20 492245 206 34 1160208 69655 27 26 11533 1050 32 35 26 29 7076 34 2 30 115 34 20 252 56 25 264 22 125 21 35 68 835 22 8350 15 860 122 27 37 49 25 18 16 812 52 88 258
internal_value=-0.0445414 -0.0343707 -0.173434 -4.35376 -48.7003 -2.87051 -5.60182 -45.4851 -241.643 -4.27929 -0.135644 -0.417463 -7.20857 -4.13234 -24.6627 -12.589 -15.8303 -0.0309995 -0.00383608 1.55019 6.08092 -0.0433154 0.0350556 4.5047 0.0298304 0.223302 0.548241 4.76371 0.428834 3.88937 2.89811 0.30476 1.24375 3.56101 6.70956 4.44889 9.84342 14.4936 2.38446 5.91451 0.145267 1.0544 8.53246 2.03686 4.30372 4.78335 2.61275 0.505646 1.83799 -0.00454617 0.172089 1.89292 5.62481 28.72 62.4969 1.5573 15.4031 64.6749 14.4891 -0.0504356 0.571149 2.06291 5.77167
internal_weight=6122.72 2246.43 53.1687 0.476329 0.0154161 0.460913 0.234157 0.0286119 0.00496696 0.0236449 52.6924 12.2745 0.257563 0.218971 0.0385927 0.071288 0.0441439 2193.26 684.205 0.312494 0.0652537 1509.06 112.815 0.13173 112.683 27.9571 13.1977 0.36354 12.8341 0.444227 0.322233 12.3899 1.79894 0.533771 0.281081 0.244501 0.10613 0.0653206 0.410759 0.108977 10.591 1.44867 0.0990385 0.287505 0.137811 0.0724126 0.112663 1.34963 0.344271 683.893 22.0362 1.52535 0.522255 0.0782057 0.0231825 0.44405 0.0420613 0.00926999 0.0550231 3876.29 1.83495 0.658593 0.257656
internal_count=5090096 1790552 36788 1906 768 1138 975 803 113 690 34882 575 195 128 67 89 62 1753764 502024 260 54 1251740 91532 110 91422 21767 10234 301 9933 369 269 9564 1285 235 233 203 88 54 343 91 8279 1203 82 240 115 60 94 1121 286 501764 9519 1169 309 95 52 214 92 43 43 3299544 1210 398 310
is_linear=0
shrinkage=0.05


Tree=3
num_leaves=64
num_cat=0
split_feature=1 2 2 0 1 2 10 0 3 3 7 0 0 7 0 3 2 5 0 4 0 4 5 5 7 2 2 3 7 5 1 2 0 7 0 2 0 1 7 2 7 1 5 5 1 2 0 1 2 2 1 1 0 2 1 5 0 0 0 1 1 2 0
split_gain=2869.24 1.64193e+06 2.62426e+07 2.73883e+07 1119.98 32182.7 1.32003e+06 2.76563e+07 1.47806e+08 530322 1.42622e+06 3.88664e+06 541111 67085.7 75869.3 730.691 7750.04 36328 219426 6064.63 2259.28 1353.26 120.557 3032.3 1199.2 1077.07 87.0268 447.948 2283.15 3001.58 1046.4 4281.9 6582.74 1889.29 1681.21 3757.11 1104.64 6156.49 25571.4 210477 467481 40536.3 836.535 1910.19 2275.95 2151.49 967.608 2694.19 3187.67 1289.79 3788.72 822.764 536.293 474.144 2432.11 2494.61 1154.78 288.041 4949.37 257.609 209.811 9227.88 16366.7
threshold=4.4092181938692407 -1.0000000180025095e-35 0.48972019570279518 -1.6433220329068507 0.63428418558112687 -0.10302123856657941 1.0000000180025095e-35 1.1037770752153511 -0.25444367502584891 -0.29095031411913636 1.44571753437382 -1.6222445461437649 0.88597637866346279 1.5752012391195678 -0.78617090454135574 -0.29244136337437737 0.04481043345295007 0.3725301509337367 -0.77211924669929843 -0.22832819436190652 -1.6011670593806788 -0.30259102729393145 -0.11067935055200372 -0.32917919520465594 1.5071401158702005 -0.077255814995122976 -0.28127680388482706 -0.29244136337437737 -0.46702470624300957 -0.32818255754020736 -0.21401051930949652 -0.27207466781201112 1.1108029041363798 -0.016021004408180186 1.1599837065835803 -0.27357367632007251 3.3169131853393758 0.2018192096722202 0.92969096677661323 -0.27137389561653441 0.5047996728174956 -0.13247121702981171 -0.32720464132143728 -0.32314817884937858 -0.25186024231605936 -0.27791940568122353 3.0920866598664589 -0.24613320227324953 -0.27996112486169894 -0.27618789591589604 -0.22779758094162153 -0.25560560018300682 2.3192454785533072 -0.27618789591589604 -0.23388343867662756 -0.32412907672748442 0.12016102627133997 -0.86345502267267082 -1.3833663628287907 -0.2234211146288638 0.12963752669725695 -0.20416290359462944 0.7946406026900904
decision_type=2 2 2 2 2 2 2 2 2 2 2 2 2 2 2 2 2 2 2 2 2 2 2 2 2 2 2 2 2 2 2 2 2 2 2 2 2 2 2 2 2 2 2 2 2 2 2 2 2 2 2 2 2 2 2 2 2 2 2 2 2 2 2
left_child=4 -2 -3 -4 26 -6 15 9 -9 10 11 -8 13 -12 -15 16 22 18 -18 21 -19 -20 23 24 -7 -25 -1 28 29 -28 31 34 33 -33 53 42 60 38 39 -38 41 -41 -36 44 -44 -46 47 48 51 -49 -51 -45 -37 -30 55 -55 -57 58 -56 -52 61 -32 -63
right_child=1 2 3 -5 5 6 7 8 -10 -11 12 -13 -14 14 -16 -17 17 20 19 -21 -22 -23 -24 25 -26 -27 27 -29 30 -31 36 32 -34 -35 35 52 37 -39 -40 40 -42 -43 43 46 45 -47 -48 49 -50 50 59 -53 -54 54 57 56 -58 -59 -60 -61 -62 62 -64
leaf_value=-0.052212245711478714 -0.050055543624982816 -0.050055543570674293 44.97217925299239 11144.081603602515 -0.050197815612610025 44.919989787662729 -0.050013386895391393 19949.58085029908 -0.050056918314022147 -0.050057004935031041 -0.050055114913767663 3689.8004838496236 1167.6421497180906 583.63843307709249 -0.050055791278488485 -0.026648696579010173 -766.46940548683096 -1.0869909670648112 -0.050055543348386092 -135.37641653211219 -15.997928157475076 -45.158842546657645 -0.050055652856487311 -0.050055664079508913 -0.050055712785630639 -13.175344605803128 -0.050056049687991905 -0.050879964316961374 0.050363873508891821 26.454747264079458 -0.00089865436230425033 14.200894639697957 34.035574417259987 0.50929415639353781 0.023428758473432728 10.969404000500601 -0.050044381305420493 -0.25049238699073073 0.053552387387254541 177.9707728062487 1041.959926169701 -143.11081853161659 21.005782042763791 11.083506590138711 -0.050064258528689565 16.388869093499874 0.031836035076917318 0.34513960151166145 23.225410536983276 22.982924721005887 5.7937767315242432 -0.050063848444924092 22.895653599432826 -0.050056099815975613 0.34170330548767358 21.888008089269203 8.0631312404980715 0.24268450355758031 24.538626243039182 -0.050063719651207574 -0.057545307367804277 5.6369956285734721 50.840760047046579
leaf_weight=3048.8860393647155 20.923881279071797 0.035469807684082963 0.0011105623610073467 0.0011126932432245881 214.67672451738906 0.0044474047655911177 0.0021410081535577774 0.0011102962307631969 0.0056690745986998073 0.20225921610835951 0.016968826436966542 0.0010705040767788913 0.0011133070802944898 0.0011136077590683663 0.0011133070856924497 6.407926956540674 0.0011090533590824231 0.096449585038520524 0.006650588955608743 0.0011084314903919779 0.034487497760447239 0.0022168629804455451 1.4249386765295633 0.037768105627037585 0.0022237023857451122 0.026666079648156815 0.024605615533358258 2003.6928951919826 21.920043548118855 0.01887622289358272 324.20241156762108 0.035085372628368958 0.0220034015367295 0.089389090426357606 0.86103877332175516 0.018149701645628312 0.036033784155733897 0.8182843710891432 0.14926516597045045 0.0022469283428646399 0.0016314623353565422 0.0017475089745653122 0.026121010072529316 0.026945532765239477 0.072932988521642983 0.027374037308618981 0.64829130284488212 0.50606823549605884 0.032222758047282807 0.026049592648632824 0.025668049231171608 0.043193780118599534 0.019611501484301054 0.052613568492449081 0.38288564235123057 0.02962886355817268 0.030814018100500107 2.5619788588958938 0.022368011996304671 0.071084165596401849 220.11975020795421 0.17583706089194551 0.022597383303694429
leaf_count=2682981 18877 32 5 998 192157 209 8 448 5 178 103 117 30 131 208 5622 132 29 503 4 31 4 1283 34 138 32 37 1781734 19139 14 241975 39 32 78 729 17 43 55 7 43 61 27 20 21 57 21 122 397 25 20 20 34 23 61 332 25 26 2236 29 56 138056 126 60
internal_value=-0.0400465 0.543888 330.249 5599.85 -0.0421393 0.0677682 3.12683 120.564 3267.21 26.0816 250.794 1229.9 95.9663 33.8116 291.834 -0.267558 -1.20997 -12.3722 -99.2838 -25.1105 -5.01438 -11.3273 -0.15032 -2.1596 29.93 -5.48195 -0.0464951 -0.0397306 -0.000751387 11.4561 -0.00162066 0.299019 8.825 4.36852 0.253448 1.51616 -0.0168042 1.63587 9.72062 44.3574 328.786 37.5022 1.26653 1.97729 7.85957 4.43616 1.4382 2.68505 10.2076 1.46058 6.05734 4.22714 17.1634 0.13199 0.712857 7.91057 14.84 0.438613 1.67725 1.50029 -0.0198673 0.00569886 10.7847
internal_weight=5869.62 20.9616 0.0376931 0.00222326 5848.66 222.955 8.27855 0.232559 0.00677937 0.22578 0.0235206 0.00321151 0.020309 0.0191957 0.00222691 8.04599 1.63807 0.142022 0.0110849 0.00997588 0.130937 0.00886745 1.49604 0.0711053 0.00667111 0.0644342 5625.7 2576.82 573.125 0.0434818 573.081 27.5516 0.146478 0.124474 27.4051 2.40475 545.53 1.00921 0.190925 0.0416597 0.0056259 0.00399444 2.36699 1.50595 0.126428 0.100307 1.37952 0.731232 0.102362 0.62887 0.122802 0.0701393 0.0377612 25.0003 3.08029 0.113056 0.0604429 2.96723 0.405254 0.0967522 544.521 324.401 0.198434
internal_count=5090096 19912 1035 1003 5070184 201406 9249 1228 453 775 597 125 472 442 339 8021 2399 703 643 511 60 507 1696 413 347 66 4868778 2185797 404063 51 404012 23559 149 117 23410 1562 380453 236 181 174 131 70 1522 793 98 78 695 573 80 493 96 55 40 21848 2709 112 51 2597 361 76 380217 242161 186
is_linear=0
shrinkage=0.05


Tree=4
num_leaves=64
num_cat=0
split_feature=0 2 4 2 3 2 1 7 3 2 1 2 3 1 5 2 0 2 3 5 0 0 4 0 2 4 1 5 5 0 10 2 3 4 1 2 3 2 4 2 3 2 1 3 5 5 2 4 2 3 5 2 1 5 3 2 2 3 2 13 7 1 7
split_gain=488.374 593.003 2040.35 9571.29 16095.3 14584.1 496.669 7510.71 27873 83638.2 379.433 1199.24 1626.72 74.3148 104516 3.39833e+06 6.63556e+06 447.543 1954.17 17315.3 6309.72 37432.4 3538.83 2526.56 605.427 332.475 195.053 173.211 62.9481 51.031 55.4052 182.246 5327.41 7448.74 153.394 121.609 171.345 117.852 166.095 676.731 4050.5 170.575 232.608 967.681 114.607 112.76 183.356 97.007 52.317 212.999 829.729 270.69 51.1568 111.82 47.9768 45.1178 43.3781 200.43 5698.53 93803.1 674398 130182 586.735
threshold=3.3169131853393758 -0.27137389561653441 -0.19964091995411606 -0.23799736930336488 -0.26463961134931796 -0.25347113954063966 0.17325963151846455 0.420750286462718 -0.25650165917584195 -0.21841867878277355 -0.25989881847274993 -0.25347113954063966 -0.24443258517189934 1.1817694209470531 -0.32818255754020736 0.04481043345295007 -0.77211924669929843 0.04481043345295007 -0.29232435094228471 0.052749259778681869 -1.4676763098811345 -0.43487945848992327 0.28080930011371669 1.0686479306102077 0.17818790684492505 0.51953722031633365 2.1491067121660037 0.58406034035225363 -0.30236729113345384 3.0920866598664589 1.0000000180025095e-35 -0.18278774858157013 -0.29095031411913636 -0.098442002686584332 -0.29696656151695677 -0.19268728975025753 -0.28934682827965141 -0.23942895445496085 -0.32336291292561342 -0.21726704415995016 -0.29204430255610947 -0.23527686534750855 -0.030354682663118259 -0.27875088488012562 -0.31224203380652416 -0.31320977210189321 -0.28015207143571341 -0.31060084325970139 -0.28315814179238313 -0.29244136337437737 -0.32314817884937858 -0.27395626193074535 -0.28979049747617708 0.77785371482831123 -0.27165542575574492 -0.19268728975025753 -0.27126829506336231 -0.29244136337437737 -0.10302123856657941 1.0000000180025095e-35 1.44571753437382 0.69334171091467056 0.062811464249999657
decision_type=2 2 2 2 2 2 2 2 2 2 2 2 2 2 2 2 2 2 2 2 2 2 2 2 2 2 2 2 2 2 2 2 2 2 2 2 2 2 2 2 2 2 2 2 2 2 2 2 2 2 2 2 2 2 2 2 2 2 2 2 2 2 2
left_child=13 -2 6 4 5 -4 7 10 9 -9 -3 12 -12 29 15 -15 -17 28 19 -19 24 -22 -23 -24 -21 -26 -20 -28 -16 56 -31 34 33 -33 -32 37 -37 44 39 -39 -41 42 43 -40 45 48 -47 -43 -36 50 -50 -52 53 -46 -34 -8 -1 58 62 60 61 -60 -58
right_child=1 2 3 -5 -6 -7 55 8 -10 -11 11 -13 -14 14 17 16 -18 18 26 20 21 22 23 -25 25 -27 27 -29 -30 30 31 32 54 -35 35 36 -38 38 41 40 -42 47 -44 -45 52 46 -48 -49 49 -51 51 -53 -54 -55 -56 -57 57 -59 59 -61 -62 -63 -64
leaf_value=-0.052297090118881 -0.25129595490404827 -0.15372343533076269 -140.51063443110601 0.023442902613699967 -0.050044599779373714 -20.695533458439087 -0.43779542948482453 -460.67685435184933 -0.050047184821427781 -0.050054709389895306 -40.821787587665398 -0.050048734300045784 -0.050049380209954933 -0.050052998383774909 -3.1970546105409769 4607.5900162237622 41.837578003885362 189.52249414377394 0.12743016382797043 -0.050059191860050214 -331.07618818446531 -0.050052829282782568 -94.832905368260924 -0.050052829303653061 -20.704004965606352 -6.0619722783062775 -0.050059828094556835 -6.3332053863520059 -0.049651768484777842 -0.053288748033746593 3.6113729366914775 -71.777171583304352 -2.5436492913576298 -4.304306978711522 -0.13274681462735394 3.4209394381689338 -0.050052877706615567 -0.28409170142133289 -14.143551498483999 -31.372383114407793 -0.050052877706610259 2.0405786721692381 -0.05007881341664136 -0.050059028131272054 -0.41109436936229315 -0.050059426616662607 -5.8759672677544836 -0.25137204822434911 -9.5066288210861352 -0.050061278805615797 -0.050065852976854487 -5.3127002885433052 -0.079311519192551083 -4.0407984488760276 -0.050052877888394069 0.32574079008990164 1.2134672373923499 -0.050654970659007509 -496.31059141032387 -0.56161102563854859 -5.8636136023479137 -1257.037109719507 -0.0058806253504870764
leaf_weight=3505.6023470812825 7.9449431152039294 0.3490177982021121 0.0053395761060528457 0.08148452011545404 0.013342149351956323 0.0048436741926707327 0.40476562170078978 0.0014108141185715786 0.015856574405916035 0.0032687514321878552 0.0049053577822633088 0.026930104068014882 0.0048804405378177762 0.1163506642935313 0.015888139352383202 0.0011936696246266205 0.0023873392642053833 0.001055005079711401 0.2817060314118896 0.022373696316615156 0.0010573174321927741 0.0073809995635344093 0.0021100849745387534 0.0010544286519513502 0.0072625346902716265 0.0083168208366259933 0.020292383618652821 0.02387339249253273 124.62633938414766 30.900791166161682 0.027311714715326896 0.006273789403099867 0.02005136024672538 0.011753329925996973 0.54774861552226628 0.057612096331044138 0.092869463376700878 0.21367753036759085 0.017738177515822517 0.012770429937086103 0.053822075366042443 0.047831821953877696 0.062994487583637127 0.038867342518642545 0.13849001556060514 0.028405055520124733 0.025747083392820502 1.3265088567841785 0.031718874751149428 0.35993648029398184 0.17119482532143593 0.028502862961631292 20.013671798451245 0.025057851292785926 0.50761760142631462 0.37064281770082019 0.98929589657717443 1574.750911888392 0.0010075268592260522 0.39096243416369125 0.017201160798795918 0.001272884983336553 357.61976924652748
leaf_count=3232632 919 272 27 55 16 13 5 51 18 13 39 32 5 158 16 189 877 151 236 36 224 600 53 69 37 10 17 23 117943 29415 23 42 20 24 427 21 88 133 20 22 51 35 42 33 117 24 21 431 34 295 131 24 12814 23 481 136 884 1473813 81 699 175 134 214647
internal_value=-0.0491935 -0.412565 -1.40836 -8.08749 -36.1812 -83.5205 -0.814814 -2.23097 -31.6947 -138.922 -0.662348 -5.49728 -20.4878 -0.0485966 -0.0104969 46.6432 1563.76 -0.0552522 -1.77657 -10.9173 -15.1845 -47.4522 -19.0155 -63.2509 -5.31973 -12.8876 -0.356929 -3.44635 -0.050053 -0.0494643 -0.0974868 -0.154707 -1.05794 -27.7862 -0.133574 -0.137964 1.27882 -0.147176 -0.538753 -1.65568 -6.05673 -0.329212 -2.14031 -4.46646 -0.114667 -0.590804 -2.82004 -0.171604 -0.484828 -0.810948 -1.9944 -0.801202 -0.0865085 -0.967216 -0.144809 -0.0728275 -0.0489808 -0.0429689 -0.00925601 -5.89737 -112.977 -920.934 -0.00251681
internal_weight=5628.51 9.23163 1.28669 0.10501 0.0235254 0.0101833 1.18168 0.40627 0.0205361 0.00467957 0.385734 0.0367159 0.0097858 5619.28 125.139 0.119932 0.00358101 125.019 0.376483 0.0506109 0.0495559 0.0116028 0.0105455 0.00316451 0.0379531 0.0155794 0.325872 0.0441658 124.642 5494.14 54.769 23.8682 0.545696 0.0180271 23.3225 23.2952 0.150482 23.1447 1.77421 0.28027 0.0665925 1.49394 0.1196 0.0566055 21.3705 1.19325 0.0541521 1.37434 1.1391 0.591353 0.231417 0.199698 20.1772 0.163548 0.527669 0.775408 5439.37 1933.77 359.02 0.410444 0.0194816 0.00228041 358.609
internal_count=5090096 1601 682 111 56 40 571 430 82 64 348 76 44 5088495 120639 1224 1066 119415 1456 1180 1029 946 722 122 83 47 276 40 117959 4967856 44791 15376 567 66 14809 14786 109 14677 767 206 73 561 95 53 13910 956 45 466 911 484 189 155 12954 140 501 141 4923065 1690433 216620 1089 390 215 215531
is_linear=0
shrinkage=0.05


Tree=5
num_leaves=64
num_cat=0
split_feature=0 1 1 7 2 3 2 2 3 2 2 3 2 0 0 7 1 2 7 0 4 0 4 5 2 0 4 0 0 5 7 2 0 2 1 1 5 7 7 2 2 7 4 0 2 1 7 0 0 1 4 1 0 4 1 2 2 1 1 2 1 2 1
split_gain=182.154 321.137 1601.84 4896.97 14522.6 81702.7 241345 1098.83 30655.5 96694.9 63.7572 313.63 85946 1.47717e+06 1.56323e+06 2001.91 1449.51 970.008 18938.2 12610.4 16795.7 6635.36 5525.89 2414.35 8102.34 25297.5 1982.6 1013.81 1899.81 1605.88 774.058 3864.28 1876.43 3070.6 10880.9 35709.3 124056 103345 1269.14 1338.76 1003.66 805.326 669.268 601.615 596.378 36250.1 319347 304596 4513.85 1817 1725.48 594.012 479.491 436.536 417.195 1339.17 1796.18 1583.25 347.335 3189.35 1758.68 1558.99 2935.11
threshold=3.3169131853393758 -0.086512984227968562 0.2018192096722202 0.92969096677661323 -0.27137389561653441 -0.22098407181146587 -0.21295455127454263 -0.2686914684503014 -0.27451094119870489 -0.26698633804938759 -0.26780148083741956 -0.29244136337437737 0.10916007981072949 -0.86345502267267082 1.592072185226842 0.10778489054289332 4.4092181938692407 -0.090026408423044754 1.44571753437382 -0.76509341777826967 0.26246984829692621 -1.4536246520390772 0.73727932975445054 -0.094137454300251458 -0.042282859335699176 -0.44190528741095192 0.090046791390558864 -0.46298277417403783 -0.39272448496375134 -0.13284923290623232 0.26832602663282429 -0.26259745095396486 1.2899615416226105 -0.26565207679121439 -0.16962974297876621 -0.17239043256474057 -0.31426423708270529 0.18018263877857313 0.24469924530200679 -0.26157416428216079 -0.26087927801915595 0.23194927099889542 -0.12130620332438 0.056928565982082131 -0.10302123856657941 0.69334171091467056 1.3216111539547788 -1.4676763098811345 -0.75806758885724113 0.87112663267758828 -0.20829114187035161 -0.19569348677950651 0.63304653750643147 0.28080930011371669 -0.17239043256474057 -0.26437280226042487 -0.26332990331539313 -0.17829287803022226 -0.048828200610549523 -0.24267229367419882 -0.069927078355994973 -0.23942895445496085 -0.05595124723623441
decision_type=2 2 2 2 2 2 2 2 2 2 2 2 2 2 2 2 2 2 2 2 2 2 2 2 2 2 2 2 2 2 2 2 2 2 2 2 2 2 2 2 2 2 2 2 2 2 2 2 2 2 2 2 2 2 2 2 2 2 2 2 2 2 2
left_child=10 7 3 4 -3 6 -6 -2 9 -9 -1 12 15 16 -15 51 -14 30 19 20 21 -19 26 24 -20 -26 27 -21 -29 -30 31 32 54 -34 35 36 -35 -38 39 41 -40 -33 -18 -42 58 46 47 -46 -48 50 -47 -12 -31 -52 55 -17 57 -57 59 -32 -61 -62 -63
right_child=1 2 -4 -5 5 -7 -8 8 -10 -11 11 -13 13 14 -16 17 42 18 23 22 -22 -23 -24 -25 25 -27 -28 28 29 52 44 38 33 34 -36 -37 37 -39 40 -41 43 -43 -44 -45 45 49 48 -49 -50 -51 53 -53 -54 -55 -56 56 -58 -59 -60 60 61 62 -64
leaf_value=-0.052186660851003645 -0.20705168521075812 -0.050026720850445627 -0.24889392845597846 -0.16654628049920484 -689.10152414527829 -0.050048186882668461 -0.050053203963669059 -0.050029744372528523 -0.050039154186026447 427.88966353817608 17.16346542854728 -0.050752685908744349 3.133086762200664 2791.4258342062458 -0.050050254376462155 0.61685461314345857 -0.048716826208676886 -124.4625924047683 -0.050031979486586491 -0.050030178845483553 -20.785477916354136 -290.34629850345499 -110.63908477874588 -0.050048444130064956 -298.79523424545846 -0.050030121759774393 -0.05003261026811906 -82.991821128778341 -82.991655530331869 -35.596491736991048 0.059889113060515115 12.74971511999926 -0.28759994450137871 -0.049431888808155099 -0.05012145089335001 -0.050118396561951141 -90.574359584762533 -763.70850475371697 1.5741292479708238 22.120418009387226 13.727074299694777 2.5536222806953246 -49.837049935695774 4.6890258520173269 41.731566189452487 -34.6091097413494 -0.050030153957308046 1169.854042864918 -64.560312028823702 -0.26686472939930828 -13.873662003865764 4.9979410909824686 -14.275321071851719 -0.050030178875613313 -0.050059075619649819 12.790684380522594 18.944700154776204 0.75574755284803885 -0.036427986827600803 12.575829721397117 1.0441360933894204 18.662471302334783 3.2637791563400516
leaf_weight=3606.5739765642561 7.9852418148769173 0.060762496286770308 1.9538793609904603 0.22658914528978319 0.0018140879739085075 0.023042617220045563 0.0042432630434632336 0.0053479967939153994 0.21082820464207988 0.0017525962220381322 0.020332902948472273 1422.7067749623204 0.0314096753222564 0.0010030536232049211 0.0010030536213889718 1.2745271664506981 0.0010165959565711091 0.0012056660301512645 0.011284722692377231 0.0024113320603025264 0.0024113296531140804 0.0012056648265570393 0.0018084972398355595 1.007358883977215 0.0010042000289228006 0.0024075014209152504 0.0082353970501571894 0.0018084972398355595 0.0012056672337454862 0.0042198293001585244 61.309084577042903 0.03906314302130965 0.21055264661250186 0.0055393008955403333 0.062117253895848962 0.018110974342562258 0.0011046735378954543 0.0011785207306615995 0.15392229205470825 0.020297235110878886 0.032662819139783278 0.038407167769068155 0.0020085564606346909 0.042202111862886443 0.0011966991834704305 0.0072339889593422404 0.0054209989612276424 0.0011966793111734741 0.005425491719506681 0.23060858079406898 0.010850983439013362 0.019809888339148277 0.0070297346307885977 0.012056648265570402 1.2812263981904835 0.035044700955180141 0.021058440441389353 0.12409931060398602 263.62964428183187 0.051481486127564979 0.36556395236419792 0.040080398558949515 0.135775447328631
leaf_count=3495683 854 120 168 10 51 25 16 19 278 60 28 1400613 196 950 568 1103 109 10 45 15 7 37 16 1381 98 270 29 8 159 26 26682 42 104 29 26 8 12 34 128 18 36 35 28 47 5 17 20 64 33 262 22 22 40 21 1092 39 26 110 157596 62 309 60 115
internal_value=-0.0487917 -0.257106 -0.783385 -4.08351 -13.9602 -43.0054 -206.411 -0.111452 3.39148 105.576 -0.0483846 -0.0405625 0.00333021 76.7861 1395.69 -0.005142 -0.0505539 -0.00649927 -1.5212 -39.6802 -114.095 -207.404 -26.2487 -0.343574 -20.4632 -87.9827 -20.1219 -30.0349 -35.104 -28.1507 -0.00165102 0.753244 0.197093 -3.56644 -11.407 -38.6097 -127.884 -438.027 5.92137 10.6897 3.88372 7.69484 -33.1058 8.63224 -0.00943876 2.3223 83.0324 605.788 -32.3185 -1.77583 -13.3207 11.16 -22.2731 -6.59807 0.607846 1.18728 5.22179 3.40593 -0.0114013 0.0951829 3.74474 2.90503 6.77339
internal_weight=5370.05 10.4735 2.27033 0.316452 0.0898625 0.0291 0.00605735 8.20317 0.217929 0.00710059 5359.58 1753 330.297 0.0364409 0.00200611 330.26 0.0344348 330.22 1.0536 0.0315416 0.00482266 0.00241133 0.026719 1.02206 0.0146964 0.0034117 0.0249105 0.0166751 0.0142637 0.0124552 329.167 3.36111 3.03456 0.298603 0.0880507 0.0259335 0.0078225 0.00228319 0.326555 0.0977675 0.228787 0.0774703 0.00302515 0.0748649 325.806 0.27399 0.0132399 0.00239338 0.0108465 0.26075 0.0301416 0.0401428 0.0112496 0.0229076 2.73596 1.45473 0.180202 0.159144 325.532 61.902 0.592901 0.54142 0.175856
internal_count=5090096 1601 390 222 212 92 67 1211 357 79 5088495 1592812 192199 1851 1518 190348 333 190298 2141 347 54 47 293 1794 413 368 277 248 233 225 188157 2889 2583 213 109 83 75 46 306 95 211 77 137 83 185268 444 122 69 53 322 60 50 66 43 2370 1278 175 149 184824 27228 546 484 175
is_linear=0
shrinkage=0.05


Tree=6
num_leaves=64
num_cat=0
split_feature=7 5 2 1 2 3 0 0 0 0 0 0 2 10 3 1 2 0 5 1 0 0 10 1 2 2 3 1 4 4 0 2 2 1 1 4 2 1 3 3 1 2 3 4 5 7 4 2 1 2 3 7 2 0 0 7 0 0 2 2 7 2 4
split_gain=84.4518 9595.65 167587 229295 975729 43601.2 54079 39509.6 123471 222263 444580 1319.31 218.699 4135.02 656751 401.82 1633.11 173.031 84.5172 282.855 545.136 47.7957 229.06 3207.07 6208.88 5849.79 177.417 370.121 49.5747 91.091 47.7548 1138.71 8141.44 47609.7 91512.4 208041 1135.98 2571.86 25775.3 63750.6 90112.7 109.693 125.3 36.5635 278.847 412.787 67.9776 274.265 35.1185 27.7999 112.225 418.524 1935.03 1173.1 1056.6 1769.33 913.143 2018.77 869.88 867.071 1890.57 830.466 1005.84
threshold=1.3216111539547788 -0.3334110067351656 -0.090026408423044754 1.0092818274057402 -0.021923129812280669 -0.25223104568612059 0.070980223824139432 -0.22410459085906381 -0.35056951143757947 -0.36462116927963678 -0.37867282712169409 2.9410313380643429 -0.10302123856657941 1.0000000180025095e-35 -0.29008340640654545 4.4092181938692407 -1.0000000180025095e-35 0.56278824829614493 2.6136271420252997 1.7180172164973166 -0.63160266827872535 -1.6573736907489081 1.0000000180025095e-35 -0.26185972590326284 -0.28858228477640718 -0.2674230500026093 -0.289642021764629 -0.17239043256474057 -0.32336291292561342 -0.32104419477671392 3.3169131853393758 -0.25021373467395053 -0.21950067243751484 -0.22779758094162153 -0.1386706444767403 0.11386387482563642 -0.26698633804938759 0.072410745782311339 -0.27064843485651224 -0.27355616386974774 -0.27466192053225919 -0.27137389561653441 -0.28105598704339835 -0.32381324949778933 -0.15777850148680891 1.3550601262591073 -0.29966431983769681 0.04481043345295007 -0.25312863615468317 -0.25956641039436146 -0.29244136337437737 0.521725380056975 -0.24554798197083311 -0.78617090454135574 1.0686479306102077 0.33915940148924789 -0.80022256238341305 -1.4465988231180484 -0.24423496546657017 -0.25135566616397836 0.45019696082262933 -0.25021373467395053 -0.29966431983769681
decision_type=2 2 2 2 2 2 2 2 2 2 2 2 2 2 2 2 2 2 2 2 2 2 2 2 2 2 2 2 2 2 2 2 2 2 2 2 2 2 2 2 2 2 2 2 2 2 2 2 2 2 2 2 2 2 2 2 2 2 2 2 2 2 2
left_child=21 2 -2 5 -5 6 7 8 9 10 -4 -8 -3 15 -15 18 -17 -16 43 -20 -21 22 -1 24 -24 -26 28 -28 -25 -30 49 36 33 -33 -35 -36 41 38 39 40 -38 -32 -43 44 45 -14 47 -45 -31 -23 51 52 54 -54 55 56 57 -51 -55 -57 61 -61 -63
right_child=1 12 3 4 -6 -7 11 -9 -10 -11 -12 -13 13 14 17 16 -18 -19 19 20 -22 30 23 26 25 -27 27 -29 29 48 31 32 -34 34 35 -37 37 -39 -40 -41 -42 42 -44 46 -46 -47 -48 -49 -50 50 -52 -53 53 58 -56 59 -58 -59 -60 60 -62 62 -64
leaf_value=-0.044374056316891043 -0.066955251683592218 -0.049637416742071214 1480.2038342342803 -0.050047014511984768 1714.808210560733 -0.050049840734540052 46.200238737280728 46.200238737314422 46.200238737313306 46.200238737300488 46.200238737279122 31.198300461274705 -0.050048948623364634 -1271.3330229842886 -0.05004899552461417 -0.050045501890966737 -14.716592746549958 -4.9322363732405012 -0.050050569160076899 -0.050851067530226605 -9.2255326718009467 -0.052532415029479265 -0.050037746698601206 0.86203083727510021 -42.238619663875049 -6.2493944983587681 -4.6382269868202277 -0.05028839876421988 -2.2831727360797704 1.8046905972621829 -0.17233443424236081 -0.05003616899200837 0.19507948489874605 -9.2416161492030842 680.80188602269334 -50.504670998390388 -29.537152645277544 -0.23223952919807123 -0.050037374657983372 -0.050033727285756592 -571.56991389231132 -2.0872579767549122 -0.21218069344970583 -0.050046388572577288 0.055543011711385204 11.990132834359164 -0.066414896033857682 -5.809293653407515 -0.016187021653457472 2.5366068322864663 -0.050372246200159669 -0.040727134895866553 14.993925587610162 1.2631543986954912 -0.029321173151685781 0.23528003351107418 2.9019510076762769 21.079004714771912 13.287133841717386 3.682588097746252 0.88670558260789756 18.137028442767818 5.8546083644329245
leaf_weight=8.8119701151856447 2.9569687551137616 201.09533862432215 0.0010808956576511776 0.003589313651900735 0.0010788063586177092 0.046716507000352431 0.087567013339216584 0.0064864454325288977 0.0054053711937740454 0.0021621484775096178 0.0010810742387548089 0.01760091062169522 0.016609211568720635 0.0010225878898925114 0.15924100665142715 0.092746663023717701 0.023863834442209853 0.020482621970586479 0.21207393240183581 0.039900491920889181 0.027246517594903708 3418.7103448005209 0.080876120665379858 0.16506301218760211 0.021306479678980708 0.024020304321311844 0.064911239664070308 0.13618845643941235 0.044331992976367363 0.026957936002872773 10.128100744596416 0.048913741775322706 0.66155270269738764 0.0054397669155150652 0.0019093725601280198 0.0019819790031760931 0.0016956553445197642 0.16949700785335153 0.065550758097688039 0.0066638724538417102 0.0013997763325664016 0.16278125228795171 0.19682175756315556 0.10020003042655747 0.44448524576180137 0.012458286123961385 6.3018672210393376 0.026045109255610419 1.4929260494816394 0.038659753780179093 1236.0773234463472 202.35063065985477 0.029912280635672001 0.07614887610949006 27.089971426819098 6.8338945800394608 0.28793908259864248 0.023664082633477315 0.01874456872995009 0.10716245346711387 1.120875210985451 0.02749202656582983 0.042339362204084269
leaf_count=9203 3092 208491 40 4 1250 47 126 9 5 2 1 19 19 1537 163 103 37 23 215 21 34 3466741 84 33 37 13 38 67 13 27 918 68 176 7 46 7 4 6 92 11 50 31 77 128 306 26 6293 37 1292 34 1280619 100270 31 89 1054 5535 255 29 29 92 918 38 34
internal_value=-0.0491966 -0.0182756 2.72974 50.5958 396.255 40.9969 56.7944 141.786 205.511 404.657 763.143 43.6895 -0.0595107 -0.325011 -7.79571 -0.139975 -3.05149 -0.606459 -0.0926947 -0.945513 -3.7737 -0.0505284 -0.155265 -0.630406 -8.35255 -23.1666 -0.125553 -1.53119 0.0379097 -0.0490552 -0.0502963 -0.152278 1.77292 19.6942 123.193 308.326 -0.281396 -3.64831 -11.3367 -87.1464 -274.648 -0.202804 -1.06097 -0.0581922 0.365816 5.11035 -0.0894285 -1.23821 0.0161096 -0.0500576 -0.0443181 -0.0128813 0.144966 6.3599 0.12316 0.610157 4.08969 9.57707 3.63828 0.460282 1.64502 6.44734 10.6901
internal_weight=5126.86 211.703 3.12974 0.172768 0.00466812 0.1681 0.121384 0.0162159 0.00972949 0.00432412 0.00216197 0.105168 208.574 7.47824 0.180746 7.2975 0.11661 0.179724 7.18089 0.279221 0.067147 4915.16 10.8686 2.05658 0.126203 0.0453268 1.93038 0.2011 1.72928 1.56422 4904.29 11.4523 0.719798 0.0582449 0.00933112 0.00389135 10.7325 0.244807 0.0753101 0.0097593 0.00309543 10.4877 0.359603 6.90167 0.473553 0.0290675 6.42811 0.126245 1.51988 4892.84 1474.12 238.047 35.6968 0.124806 35.572 8.48203 0.350263 0.0623238 0.0948934 8.13176 1.29787 0.176994 0.0698314
internal_count=5090096 222028 4595 1503 1254 249 202 57 48 43 41 145 217433 8942 1723 7219 140 186 7079 270 55 4868068 10807 1604 134 50 1470 105 1365 1332 4857261 1493 304 128 60 53 1189 163 157 65 54 1026 108 6809 351 45 6458 165 1319 4855768 1389027 108408 8138 149 7989 6935 318 63 118 6617 1082 164 72
is_linear=0
shrinkage=0.05


Tree=7
num_leaves=64
num_cat=0
split_feature=7 2 10 3 1 0 0 5 1 0 2 2 1 1 2 7 5 3 2 2 1 3 2 5 7 2 3 5 4 0 4 4 4 5 0 0 0 2 5 2 2 4 3 3 5 1 2 0 4 7 2 0 4 2 5 0 0 1 0 2 3 1 2
split_gain=394.616 27438.6 2.71897e+06 6.00125e+07 2908.87 3536.26 755.148 267.889 543.736 72.3735 143.695 4304.37 21342.2 55075.4 463.408 1490.57 11458.7 15494.5 315.616 103.85 134.335 101.949 61.1895 283.985 60.882 343.668 48158.4 30934.7 184361 225314 6905.9 1408.19 412.636 538.499 204.8 182.834 116.86 51.745 491.003 487.211 214.604 1143.17 9113.72 14030.5 66.9372 421.726 498.531 64.2136 416.064 47.6674 44.3377 117.808 1048.72 80.4417 43.9837 41.6653 40.5231 33.928 102.559 297.944 1092.17 7734.68 14896.8
threshold=1.44571753437382 -0.042282859335699176 1.0000000180025095e-35 -0.27703854139867873 4.4092181938692407 0.41524584095454325 0.73140814240083263 2.6136271420252997 1.7180172164973166 3.3169131853393758 -0.24905057574157849 -0.21950067243751484 -0.26620860295675219 -0.24117123424939049 -0.26565207679121439 0.5047996728174956 -0.33222312780883273 -0.26413132972700804 -0.25305376460674484 -0.27137389561653441 0.32693274129379396 -0.2700963646274358 -0.060932623337793902 -0.072869482388636428 1.2700825337480397 -0.10302123856657941 -0.29244136337437737 -0.15545694696200327 0.090046791390558864 -0.77914507562032698 1.0092031737140843 0.22853183817955927 -0.32381324949778933 -0.17207946368950469 -0.6105251815156395 0.11313519735031133 -0.44893111633198057 0.17818790684492505 -0.3334110067351656 5.9027858894379177 0.04481043345295007 -0.20965968081531139 -0.2700963646274358 -0.27939831434200207 -0.13746735235731242 1.0092818274057402 -0.021923129812280669 -1.6433220329068507 -0.082173993193902686 1.5752012391195678 -0.17856143613449074 2.087393124159362 -0.31436597207909506 -0.16246955469868044 0.0080932309680061734 0.45037498555968652 3.1201899755505735 -0.0037590672930178553 1.6588175599766142 -0.22608458821158303 -0.29244136337437737 0.081777448345561568 -0.21841867878277355
decision_type=2 2 2 2 2 2 2 2 2 2 2 2 2 2 2 2 2 2 2 2 2 2 2 2 2 2 2 2 2 2 2 2 2 2 2 2 2 2 2 2 2 2 2 2 2 2 2 2 2 2 2 2 2 2 2 2 2 2 2 2 2 2 2
left_child=9 22 4 -4 7 -6 -7 37 -9 24 14 12 -12 -14 19 16 18 -18 21 -11 -21 -16 -2 -24 57 50 27 34 29 -29 31 -30 33 -28 -27 -35 -33 40 39 -39 44 42 43 -42 45 -3 -47 48 -40 -25 -26 -52 -53 -54 -55 -43 -34 -1 -59 -60 61 62 -61
right_child=1 2 3 -5 5 6 -8 8 -10 10 11 -13 13 -15 15 -17 17 -19 -20 20 -22 -23 23 49 25 26 32 28 30 -31 -32 36 56 35 -36 -37 -38 38 47 -41 41 55 -44 -45 -46 46 -48 -49 -50 -51 51 52 53 54 -56 -57 -58 58 59 60 -62 -63 -64
leaf_value=-0.053113050287168562 -0.050149307551509814 -0.050051924163026063 12452.164001994926 -0.050050276454769421 -73.467154511772478 -23.648424072378351 -0.050045486523896836 -0.050053724583177389 -8.4989085320217939 -0.15025445148998468 -0.050033615684937839 0.20486202154378785 -0.050037078587260177 -288.95123213399717 -6.3083937287916649 -0.19014501397729222 144.16090751823822 -0.050040887795948688 7.7066498617422887 -1.8391368078393857 -0.074097708571839532 -0.050033876903580903 8.3955489354719059 2.7033456299292622 -0.050046459506539721 -4.379020606990597 -0.050045970636942022 -167.76016986925788 -39.981134702172909 -1024.9362364197748 -82.118511577322678 -10.402521112735371 -0.056073557037961089 -2.4149162985350414 -14.043386597949507 -6.7376810188207674 -0.050029396738749544 -48.771152985970048 12.105703981523412 -0.050051415616799669 -245.13864177213006 -0.050469100277676232 -2.1895662105501548 -0.050068090246389356 -0.050046294839588258 -0.050051415470988361 49.423724047763749 -0.013433995205219025 -0.050054714009050476 -0.050046314062296995 -0.15489332950025389 -19.713457434904267 -2.9267011898072441 3.2946889614899493 -0.050073676096489987 -2.4560398320974905 -2.0942123611936916 -0.046794661168519325 -0.052290220574013072 3.854962678886952 -0.050045394478040642 0.39723337694522592 37.68942146759408
leaf_weight=3387.0318888379143 143.34119662846717 0.012410062132403255 0.0010118682466782039 0.022108546010713215 0.0027241606575793545 0.0063563689112885735 0.0072644207805969974 0.053414245136082061 0.029593218328798798 11.010266869477165 0.036209570127539337 0.59997547223251491 0.0051689524552784851 0.0024229737348671065 0.0079893129877746036 0.19767287251306698 0.0034671432829873859 0.0040247877274167424 0.012892106904375478 0.21188402160472541 0.21945029497146606 0.035080537665635354 0.011840499991312869 0.018159522966010422 80.808799770928545 0.011304278916428427 0.12664965879732398 0.0026832008602378429 0.0037564697829057256 0.0010732898830526283 0.0048739781486801794 0.0048297539491027747 8.2951870192784103 0.041754392208531221 0.010642884263352002 0.059060425841380493 0.00625791872153059 0.0010262493742624326 0.0082265506506473754 0.0010262493742629886 0.0010200393178343833 0.13449676775486341 0.02310374323087673 0.0013658216125804756 0.42388909333383651 0.0010262522846460351 0.001010636449791491 1.1987635555616198 0.048780760364910962 0.11696375985582108 8.0797658462915685 0.0076283820104172386 0.0173805956801516 0.014948864111374898 0.028696996567305278 0.0207814875343037 0.024459841010867289 1192.9161045633514 44.674324865276844 0.17924527825094977 13.786416985502102 5.0441523656833382 0.03974613966465973
leaf_count=3568218 156852 80 1317 24 210 43 307 51 27 918 54 178 7 58 27 17 36 7 22 118 1 52 27 34 87278 45 140 43 24 146 29 17 9058 32 199 21 26 397 15 1 242 102 20 2 472 1 141 818 53 129 2110 22 16 20 31 30 29 1198242 44744 100 15232 1289 95
internal_value=-0.0491633 0.0319511 5.84891 544.923 -0.457695 -21.4634 -11.0626 -0.282518 -3.06218 -0.0516458 -0.172545 -0.899814 -16.0312 -92.2533 -0.132537 1.95016 8.61768 66.6884 0.84343 -0.18007 -0.941136 -1.21094 -0.0491038 0.970616 -0.051331 -0.0904229 -0.392388 -51.7403 -91.6383 -412.669 -30.4789 -13.5234 -0.11951 -2.22058 -9.06558 -4.94733 -4.55954 -0.159587 0.0245977 -24.4106 -0.533791 -1.9834 -11.7972 -104.834 0.0640213 3.41089 24.4972 0.0645359 1.70411 0.319988 -0.0612556 -0.172418 -2.23487 -0.0500261 1.09552 -0.372416 -0.0620657 -0.0505098 -0.0434933 0.018309 0.183876 0.796615 9.99579
internal_weight=4899.06 145.488 1.9994 0.0231204 1.97628 0.016345 0.0136208 1.95993 0.0830075 4753.57 12.3465 0.643777 0.0438015 0.00759193 11.7027 0.261127 0.0634539 0.00749193 0.055962 11.4416 0.431334 0.0430699 143.488 0.146964 4741.22 97.5498 8.59253 0.0454218 0.0234746 0.00375649 0.0197181 0.0148441 8.54711 0.227464 0.0219472 0.100815 0.0110877 1.87693 1.25782 0.0020525 0.619104 0.180768 0.0254896 0.00238586 0.438336 0.014447 0.00203689 1.25577 0.0570073 0.135123 88.9572 8.14842 0.0686548 0.0610265 0.0436459 0.155278 8.31965 4643.67 1256.64 63.7239 19.0496 5.26314 0.218991
internal_count=5090096 161395 4353 1341 3012 560 350 2452 78 4928701 1495 297 119 65 1198 161 144 43 101 1037 119 79 157042 190 4927206 99286 9809 529 285 189 96 67 9280 193 244 53 43 2374 1284 398 1090 396 264 244 694 222 142 886 68 163 89477 2199 89 67 51 132 9087 4827920 1259702 61460 16716 1484 195
is_linear=0
shrinkage=0.05


end of trees

feature_importances:
oldbalanceOrg=143
amount=92
step=85
amount_log=48
newbalanceOrig=44
newbalanceDest=41
oldbalanceDest=38
t_CASH_OUT=10
t_TRANSFER=3

parameters:
[boosting: gbdt]
[objective: binary]
[metric: auc]
[tree_learner: serial]
[device_type: cpu]
[data_sample_strategy: bagging]
[data: ]
[valid: ]
[num_iterations: 5000]
[learning_rate: 0.05]
[num_leaves: 64]
[num_threads: 0]
[seed: 42]
[deterministic: 0]
[force_col_wise: 0]
[force_row_wise: 0]
[histogram_pool_size: -1]
[max_depth: -1]
[min_data_in_leaf: 20]
[min_sum_hessian_in_leaf: 0.001]
[bagging_fraction: 1]
[pos_bagging_fraction: 1]
[neg_bagging_fraction: 1]
[bagging_freq: 0]
[bagging_seed: 400]
[bagging_by_query: 0]
[feature_fraction: 1]
[feature_fraction_bynode: 1]
[feature_fraction_seed: 30056]
[extra_trees: 0]
[extra_seed: 12879]
[early_stopping_round: 0]
[early_stopping_min_delta: 0]
[first_metric_only: 0]
[max_delta_step: 0]
[lambda_l1: 0]
[lambda_l2: 0]
[linear_lambda: 0]
[min_gain_to_split: 0]
[drop_rate: 0.1]
[max_drop: 50]
[skip_drop: 0.5]
[xgboost_dart_mode: 0]
[uniform_drop: 0]
[drop_seed: 17869]
[top_rate: 0.2]
[other_rate: 0.1]
[min_data_per_group: 100]
[max_cat_threshold: 32]
[cat_l2: 10]
[cat_smooth: 10]
[max_cat_to_onehot: 4]
[top_k: 20]
[monotone_constraints: ]
[monotone_constraints_method: basic]
[monotone_penalty: 0]
[feature_contri: ]
[forcedsplits_filename: ]
[refit_decay_rate: 0.9]
[cegb_tradeoff: 1]
[cegb_penalty_split: 0]
[cegb_penalty_feature_lazy: ]
[cegb_penalty_feature_coupled: ]
[path_smooth: 0]
[interaction_constraints: ]
[verbosity: -1]
[saved_feature_importance_type: 0]
[use_quantized_grad: 0]
[num_grad_quant_bins: 4]
[quant_train_renew_leaf: 0]
[stochastic_rounding: 1]
[linear_tree: 0]
[max_bin: 255]
[max_bin_by_feature: ]
[min_data_in_bin: 3]
[bin_construct_sample_cnt: 200000]
[data_random_seed: 175]
[is_enable_sparse: 1]
[enable_bundle: 1]
[use_missing: 1]
[zero_as_missing: 0]
[feature_pre_filter: 1]
[pre_partition: 0]
[two_round: 0]
[header: 0]
[label_column: ]
[weight_column: ]
[group_column: ]
[ignore_column: ]
[categorical_feature: ]
[forcedbins_filename: ]
[precise_float_parser: 0]
[parser_config_file: ]
[objective_seed: 16083]
[num_class: 1]
[is_unbalance: 0]
[scale_pos_weight: 1]
[sigmoid: 1]
[boost_from_average: 1]
[reg_sqrt: 0]
[alpha: 0.9]
[fair_c: 1]
[poisson_max_delta_step: 0.7]
[tweedie_variance_power: 1.5]
[lambdarank_truncation_level: 30]
[lambdarank_norm: 1]
[label_gain: ]
[lambdarank_position_bias_regularization: 0]
[eval_at: ]
[multi_error_top_k: 1]
[auc_mu_weights: ]
[num_machines: 1]
[local_listen_port: 12400]
[time_out: 120]
[machine_list_filename: ]
[machines: ]
[gpu_platform_id: -1]
[gpu_device_id: -1]
[gpu_use_dp: 0]
[num_gpu: 1]

end of parameters

pandas_categorical:[]
